# redshift DM eDM 
0.5113   41.53938    0.19607  
0.5124   43.14007    0.22054  
0.5178   43.67391    0.15675  
0.5184   41.79121    0.26719  
0.5186   42.78186    0.19057  
0.5217   43.98929    0.12384  
0.5258   41.58703    0.06272  
0.5349   41.60876    0.17311  
0.5371   43.77517    0.42345  
0.5410   43.39337    0.13275  
0.5526   45.85401    0.28675  
0.5579   42.64465    0.11134  
0.5587   43.23636    0.22456  
0.5700   44.22946    0.41022  
0.5746   44.90297    0.28000  
0.5752   43.59208    0.33693  
0.5806   43.36432    0.24116  
0.5836   42.64406    0.13227  
0.5876   41.37249    0.07629  
0.5949   45.10926    0.35422  
0.5998   42.35437    0.18393  
0.6091   42.23430    0.09699  
0.6125   44.45412    0.18159  
0.6162   42.92941    0.09214  
0.6192   43.60556    0.19780  
0.6198   43.44783    0.20360  
0.6239   42.46915    0.38169  
0.6257   42.65252    0.13625  
0.6276   41.98571    0.24459  
0.6284   41.65747    0.09960  
0.6304   44.68415    0.38811  
0.6338   44.84817    0.43617  
0.6373   42.23691    0.30176  
0.6389   41.96160    0.07512  
0.6390   46.02006    0.53484  
0.6399   43.11182    0.16348  
0.6403   42.38687    0.22701  
0.6406   43.99678    0.15222  
0.6456   41.32053    0.20022  
0.6460   40.61294    0.05435  
0.6492   41.82248    0.14410  
0.6492   42.38872    0.17592  
0.6494   42.13603    0.14593  
0.6501   45.52124    0.14390  
0.6556   42.10699    0.10571  
0.6578   43.67267    0.11092  
0.6583   46.16156    0.44503  
0.6610   41.82924    0.07442  
0.6611   42.82428    0.11307  
0.6628   44.10127    0.23940  
0.6634   44.03322    0.23033  
0.6654   43.00335    0.12715  
0.6663   43.52880    0.25672  
0.6750   42.87741    0.14618  
0.6828   42.13942    0.20974  
0.6882   43.68437    0.26235  
0.6959   43.09103    0.21551  
0.6965   42.76531    0.18873  
0.6971   42.59942    0.26936  
0.6991   42.45804    0.25092  
0.7004   43.81650    0.23169  
0.7038   45.93940    0.44048  
0.7042   41.87559    0.17844  
0.7053   41.39947    0.14974  
0.7060   43.55429    0.12935  
0.7080   43.35707    0.15764  
0.7129   45.41093    0.53175  
0.7166   43.63483    0.12904  
0.7199   45.64346    0.55835  
0.7237   42.50645    0.17495  
0.7269   44.91285    0.40174  
0.7292   41.79161    0.06407  
0.7337   44.11904    0.30733  
0.7339   42.52951    0.07612  
0.7352   42.94957    0.28244  
0.7416   44.76878    0.20052  
0.7577   43.18815    0.22982  
0.7637   40.29077    0.21881  
0.7658   44.94287    0.11001  
0.7670   42.47164    0.11007  
0.7694   43.38232    0.12614  
0.7718   45.49631    0.22290  
0.7742   43.43860    0.16731  
0.7743   42.85537    0.05897  
0.7918   44.96823    0.12940  
0.7940   42.64238    0.11729  
0.8024   45.25368    0.13861  
0.8030   43.22059    0.22546  
0.8037   41.50109    0.14349  
0.8042   42.39525    0.20604  
0.8075   42.75022    0.16153  
0.8115   42.63356    0.14960  
0.8149   44.24229    0.17234  
0.8159   42.70215    0.07422  
0.8222   43.43174    0.19104  
0.8253   45.09269    0.13039  
0.8258   43.58632    0.20507  
0.8304   46.95828    0.31058  
0.8325   43.94634    0.17642  
0.8357   45.20971    0.28919  
0.8366   44.00087    0.17683  
0.8392   42.38326    0.08558  
0.8404   43.31679    0.09417  
0.8419   43.24772    0.30010  
0.8420   44.22134    0.22672  
0.8431   44.31647    0.15534  
0.8449   42.13124    0.26339  
0.8458   43.27495    0.14772  
0.8475   40.53631    0.12780  
0.8510   43.23601    0.09610  
0.8546   42.73591    0.17742  
0.8565   41.93983    0.15465  
0.8597   43.49467    0.13665  
0.8626   44.20839    0.18311  
0.8649   43.79781    0.13956  
0.8653   42.43351    0.18369  
0.8672   45.56154    0.23515  
0.8743   44.35462    0.14168  
0.8752   41.84633    0.09831  
0.8761   42.56987    0.15039  
0.8778   44.82181    0.12717  
0.8805   44.62292    0.21865  
0.8831   44.89122    0.21363  
0.8843   42.01705    0.09531  
0.8843   42.31155    0.12301  
0.8846   43.48563    0.19042  
0.8860   43.40935    0.18409  
0.8886   42.60793    0.14367  
0.8911   45.61593    0.30402  
0.8911   43.06573    0.05573  
0.8943   42.94378    0.22272  
0.8945   41.34397    0.08496  
0.9014   44.38642    0.34426  
0.9019   45.08510    0.13985  
0.9045   42.88266    0.13257  
0.9065   43.89266    0.17133  
0.9069   42.24085    0.15986  
0.9077   44.00567    0.11902  
0.9094   45.78583    0.45943  
0.9110   42.45124    0.10366  
0.9126   45.22071    0.20871  
0.9144   45.25925    0.34045  
0.9149   43.94711    0.20596  
0.9157   43.17839    0.09819  
0.9184   45.46164    0.12889  
0.9200   44.86811    0.33528  
0.9272   43.10080    0.15707  
0.9279   43.73011    0.29905  
0.9287   41.97580    0.16171  
0.9289   44.07978    0.10734  
0.9330   43.99016    0.19840  
0.9363   42.32856    0.09838  
0.9367   41.92937    0.14622  
0.9378   42.15419    0.04720  
0.9378   45.97156    0.21051  
0.9390   45.60676    0.12101  
0.9399   44.63027    0.31560  
0.9407   42.16720    0.12840  
0.9460   46.20984    0.44543  
0.9463   44.39113    0.26031  
0.9475   42.93829    0.19686  
0.9506   41.84238    0.11063  
0.9517   44.36365    0.26205  
0.9537   45.98773    0.30839  
0.9545   42.68302    0.17110  
0.9548   42.88275    0.09622  
0.9574   45.14389    0.31218  
0.9596   42.57128    0.11019  
0.9611   46.24649    0.30424  
0.9622   41.99637    0.09700  
0.9623   44.72632    0.10258  
0.9628   42.47284    0.21012  
0.9630   43.73158    0.23303  
0.9635   44.99840    0.21736  
0.9678   46.22000    0.20975  
0.9712   44.18799    0.16797  
0.9733   46.22996    0.41815  
0.9735   43.37379    0.20800  
0.9749   43.13104    0.16637  
0.9797   46.09616    0.30109  
0.9806   41.58150    0.17452  
0.9807   44.65825    0.14035  
0.9837   44.61092    0.16114  
0.9842   42.49001    0.07574  
0.9871   45.16996    0.32485  
0.9872   44.48953    0.31720  
0.9874   44.78473    0.20364  
0.9913   42.68552    0.18658  
0.9920   40.60044    0.07670  
0.9953   42.12846    0.09977  
0.9958   41.25380    0.15636  
0.9965   45.17862    0.23644  
0.9971   42.78805    0.14242  
0.9988   42.31160    0.10348  
0.9991   44.01344    0.16634  
1.0002   43.63326    0.10664  
1.0037   42.86716    0.16473  
1.0073   44.14624    0.13757  
1.0085   43.87578    0.25461  
1.0094   41.63676    0.20057  
1.0155   42.03789    0.13905  
1.0198   42.19556    0.25806  
1.0203   44.19657    0.26878  
1.0220   45.69476    0.32402  
1.0273   46.92474    0.60705  
1.0282   42.60637    0.12852  
1.0307   42.05559    0.13580  
1.0327   42.33681    0.09580  
1.0350   42.36026    0.32598  
1.0359   43.74656    0.24534  
1.0367   42.22591    0.10397  
1.0390   43.97298    0.12879  
1.0408   44.11271    0.24634  
1.0428   43.01902    0.11310  
1.0432   42.29586    0.17644  
1.0443   44.65399    0.26035  
1.0455   43.23773    0.10713  
1.0485   43.36520    0.16050  
1.0493   42.51898    0.15955  
1.0530   47.33376    0.35779  
1.0531   44.68803    0.25893  
1.0579   44.52715    0.18977  
1.0601   45.03535    0.24813  
1.0622   45.51839    0.43081  
1.0626   45.15522    0.26344  
1.0641   45.98250    0.32429  
1.0659   43.79978    0.15395  
1.0669   43.95215    0.26715  
1.0675   41.73629    0.12362  
1.0680   44.47173    0.13863  
1.0683   43.83987    0.12974  
1.0683   44.60758    0.21647  
1.0705   45.40790    0.21253  
1.0744   42.53026    0.10513  
1.0749   41.81948    0.16920  
1.0749   42.62285    0.15778  
1.0760   43.84916    0.19728  
1.0793   44.54611    0.16305  
1.0830   41.51305    0.10323  
1.0838   41.88809    0.13284  
1.0844   44.25150    0.12708  
1.0845   44.72241    0.38958  
1.0908   47.10282    0.32215  
1.0913   41.60429    0.07314  
1.0918   47.54481    0.32092  
1.0929   43.01615    0.22395  
1.0937   41.90967    0.17001  
1.0943   44.39035    0.19124  
1.0949   45.21548    0.36282  
1.0955   44.08832    0.12101  
1.0976   42.15266    0.11958  
1.1045   46.71573    0.20804  
1.1075   41.05769    0.10201  
1.1123   45.16177    0.15398  
1.1124   44.37905    0.19778  
1.1132   43.72751    0.06005  
1.1146   42.52455    0.13101  
1.1148   43.46633    0.21089  
1.1165   46.99008    0.41603  
1.1209   45.41802    0.20792  
1.1211   43.85791    0.14341  
1.1219   44.63324    0.14621  
1.1238   42.64133    0.16359  
1.1248   44.38668    0.17055  
1.1291   41.81953    0.14055  
1.1338   45.67258    0.38966  
1.1347   42.70133    0.20455  
1.1359   42.87547    0.11140  
1.1367   44.87271    0.25562  
1.1421   45.38427    0.14839  
1.1450   45.13424    0.20759  
1.1451   44.96353    0.09807  
1.1459   43.38062    0.14515  
1.1491   42.30202    0.06376  
1.1525   42.89545    0.18611  
1.1538   43.45620    0.19629  
1.1561   42.83889    0.16257  
1.1576   43.01324    0.09022  
1.1596   44.17279    0.13514  
1.1632   43.71747    0.12987  
1.1639   44.87419    0.26216  
1.1646   44.45125    0.27916  
1.1648   45.38586    0.32356  
1.1674   46.37254    0.28550  
1.1686   47.79740    0.63163  
1.1688   41.77517    0.11297  
1.1710   45.29792    0.26054  
1.1765   44.78929    0.27555  
1.1795   44.46908    0.31029  
1.1811   45.33725    0.73471  
1.1812   44.84107    0.16611  
1.1815   43.48102    0.13420  
1.1846   42.49055    0.15544  
1.1855   45.28516    0.10228  
1.1856   42.13081    0.15819  
1.1873   43.86270    0.10358  
1.1889   45.72872    0.29162  
1.1907   43.17003    0.24756  
1.1908   44.80458    0.14302  
1.1922   42.40645    0.10787  
1.1945   44.55235    0.19456  
1.1980   46.83363    0.29634  
1.2012   43.58416    0.08414  
1.2042   43.64155    0.17666  
1.2078   46.32882    0.32303  
1.2090   42.70067    0.13924  
1.2126   44.20425    0.20237  
1.2139   44.75880    0.18002  
1.2147   45.85514    0.20344  
1.2154   45.99538    0.21366  
1.2161   46.48071    0.41491  
1.2206   46.49437    0.59740  
1.2237   43.73897    0.11625  
1.2244   42.63792    0.12899  
1.2329   42.58385    0.11700  
1.2370   42.21231    0.16734  
1.2396   47.14620    0.39803  
1.2407   46.53461    0.39342  
1.2408   43.24172    0.25092  
1.2415   46.25768    0.34313  
1.2441   43.88326    0.34991  
1.2447   45.17958    0.15733  
1.2466   47.19201    0.23447  
1.2532   46.33994    0.18872  
1.2540   43.14150    0.13065  
1.2552   45.55458    0.55282  
1.2633   43.61429    0.17874  
1.2649   44.87471    0.13321  
1.2673   44.12892    0.31791  
1.2689   43.47892    0.21430  
1.2692   46.38638    0.40787  
1.2748   44.24985    0.34972  
1.2787   45.96284    0.28168  
1.2818   42.63560    0.10741  
1.2819   41.79049    0.09769  
1.2838   44.48643    0.29268  
1.2859   44.84945    0.09299  
1.2864   43.78718    0.13562  
1.2886   45.87909    0.36264  
1.2914   44.27914    0.07481  
1.2936   42.98271    0.20709  
1.2958   47.79734    0.38158  
1.2970   43.03948    0.16881  
1.2992   43.93321    0.13051  
1.2996   44.43626    0.18564  
1.3002   46.50947    0.33288  
1.3006   45.18387    0.17363  
1.3100   43.38430    0.14996  
1.3153   45.49572    0.23902  
1.3191   44.58185    0.29388  
1.3215   44.55448    0.19784  
1.3240   43.38337    0.27289  
1.3291   47.95082    0.34503  
1.3324   44.09279    0.24025  
1.3328   43.78173    0.29654  
1.3362   45.43971    0.23621  
1.3433   43.83337    0.14668  
1.3437   42.92673    0.08050  
1.3438   44.01287    0.16261  
1.3441   44.42927    0.27071  
1.3472   47.27596    0.38227  
1.3521   44.20703    0.22448  
1.3522   42.09259    0.11567  
1.3574   44.76414    0.25293  
1.3581   43.67302    0.35734  
1.3594   45.92150    0.39202  
1.3597   47.10662    0.49011  
1.3636   44.99768    0.28693  
1.3641   46.47275    0.36600  
1.3674   44.03658    0.29856  
1.3681   44.26581    0.34004  
1.3699   44.46486    0.23821  
1.3720   42.58490    0.15055  
1.3756   48.08320    0.50829  
1.3763   46.20431    0.20331  
1.3856   44.83446    0.28133  
1.3859   47.04719    0.54248  
1.3938   44.58268    0.34823  
1.3984   42.98834    0.19709  
1.3989   44.73300    0.24440  
1.4012   45.53895    0.20802  
1.4021   45.66017    0.39048  
1.4035   45.43288    0.37645  
1.4037   43.35279    0.22818  
1.4043   44.39149    0.28456  
1.4056   45.00837    0.35057  
1.4080   43.16027    0.13512  
1.4112   46.12461    0.51651  
1.4131   45.22151    0.14214  
1.4158   44.80699    0.14641  
1.4252   42.97111    0.13667  
1.4272   44.99558    0.29713  
1.4402   45.43643    0.29811  
1.4414   43.44921    0.27842  
1.4423   45.14035    0.33591  
1.4428   45.67231    0.32667  
1.4440   43.58042    0.28118  
1.4478   45.50663    0.43522  
1.4514   43.35699    0.29367  
1.4545   45.19955    0.38962  
1.4571   43.60913    0.24587  
1.4582   45.22644    0.26079  
1.4613   44.12749    0.25750  
1.4654   44.52512    0.23465  
1.4684   44.64416    0.27481  
1.4729   43.25699    0.32376  
1.4784   44.98024    0.12156  
1.4845   48.49297    0.44758  
1.4863   46.35649    0.42145  
1.4901   44.49073    0.32461  
1.4905   44.52187    0.15947  
1.4911   44.30384    0.16314  
1.4974   45.17007    0.38723  
1.4992   44.42270    0.13446  
1.5013   45.63366    0.38460  
1.5018   41.98462    0.15839  
1.5018   47.08415    0.54516  
1.5035   48.31998    0.69019  
1.5081   44.11580    0.24327  
1.5092   44.82879    0.27356  
1.5106   43.11891    0.15394  
1.5126   43.39707    0.05834  
1.5154   46.10772    0.27657  
1.5202   43.93889    0.19775  
1.5206   46.25805    0.35178  
1.5218   43.72062    0.31124  
1.5226   45.37084    0.64852  
1.5234   44.60970    0.28499  
1.5251   44.29206    0.27275  
1.5253   45.41759    0.29495  
1.5300   46.74278    0.49604  
1.5307   43.48272    0.15077  
1.5316   45.13118    0.30920  
1.5337   43.17976    0.14483  
1.5365   44.98644    0.18177  
1.5447   47.23896    0.34540  
1.5498   46.78226    0.46693  
1.5519   46.69382    0.56922  
1.5525   45.71512    0.36586  
1.5526   44.58353    0.22920  
1.5529   45.41879    0.50545  
1.5591   47.21806    0.34310  
1.5630   42.95286    0.23812  
1.5633   44.11293    0.25606  
1.5652   43.85855    0.27382  
1.5653   45.67283    0.40408  
1.5672   48.74778    0.43258  
1.5674   45.54761    0.34150  
1.5690   44.87079    0.25982  
1.5695   44.15590    0.13259  
1.5741   43.20175    0.20782  
1.5784   46.42324    0.40904  
1.5815   43.66599    0.19988  
1.5831   46.66308    0.49358  
1.5850   45.78429    0.31816  
1.5913   42.89514    0.09548  
1.5917   44.91369    0.50619  
1.5949   43.75071    0.19832  
1.5951   43.60599    0.10521  
1.5971   45.20021    0.24565  
1.6040   45.57638    0.61239  
1.6042   44.89072    0.33934  
1.6046   44.61055    0.21669  
1.6097   46.16453    0.38206  
1.6097   44.94107    0.24270  
1.6102   44.91869    0.21938  
1.6115   46.20325    0.27424  
1.6132   44.51831    0.13609  
1.6160   44.70162    0.27035  
1.6199   44.67263    0.23242  
1.6227   45.33117    0.20452  
1.6228   45.34911    0.23582  
1.6233   47.58451    0.45493  
1.6243   48.01596    0.33398  
1.6244   45.24841    0.19026  
1.6287   43.51286    0.30333  
1.6291   46.56973    0.57504  
1.6298   43.93922    0.23430  
1.6402   46.60783    0.26334  
1.6427   44.20837    0.37469  
1.6472   43.81162    0.18630  
1.6507   44.91431    0.18784  
1.6550   45.63249    0.68706  
1.6578   44.37738    0.34875  
1.6607   47.26530    0.44948  
1.6609   45.74498    0.25359  
1.6667   45.30362    0.22486  
1.6681   43.90581    0.20192  
1.6696   43.13967    0.09331  
1.6711   41.61460    0.11062  
1.6734   44.69440    0.21357  
1.6744   43.99556    0.25322  
1.6776   47.87988    0.58051  
1.6782   42.19651    0.15513  
1.6823   44.84275    0.27314  
1.6851   45.67539    0.58844  
1.6938   45.20661    0.48388  
1.6997   47.23881    0.24751  
1.7024   48.33782    0.79617  
1.7039   45.33017    0.19368  
1.7083   46.01001    0.71868  
1.7084   45.72958    0.55668  
1.7099   45.83555    0.75111  
1.7107   45.19836    0.50751  
1.7182   45.81616    0.27656  
1.7249   48.78312    0.74347  
1.7299   45.13354    0.43386  
1.7355   43.40846    0.05943  
1.7386   44.33595    0.39388  
1.7389   46.85679    0.79585  
1.7391   47.98138    0.61241  
1.7521   46.74353    0.56193  
1.7530   41.49387    0.13484  
1.7649   47.62300    0.75676  
1.7695   44.07705    0.15599  
1.7709   44.28947    0.40586  
1.7744   46.99440    0.59528  
1.7771   43.93636    0.27646  
1.7780   42.88241    0.28970  
1.7829   43.72406    0.30042  
1.7887   44.29001    0.32996  
1.7890   43.98867    0.30337  
1.7938   44.92658    0.24232  
1.7969   46.08224    0.23427  
1.8006   47.61257    0.31796  
1.8011   43.20687    0.28125  
1.8019   44.28619    0.30980  
1.8068   44.25850    0.25651  
1.8079   43.46975    0.26118  
1.8099   44.76187    0.30694  
1.8125   48.25320    0.88047  
1.8155   44.63048    0.14625  
1.8169   43.46971    0.19114  
1.8200   44.36961    0.42539  
1.8227   45.28281    0.24875  
1.8228   43.93897    0.13011  
1.8259   46.73867    0.37303  
1.8301   44.52153    0.11697  
1.8386   47.41945    0.65342  
1.8390   45.58652    0.29727  
1.8445   45.38858    0.43602  
1.8595   47.92074    0.51650  
1.8690   44.04869    0.16683  
1.8711   44.06359    0.18235  
1.8747   45.90143    0.21275  
1.8771   44.65534    0.24012  
1.8818   46.06487    0.38158  
1.8821   44.97004    0.82914  
1.8868   45.00515    0.26253  
1.8910   45.86077    0.63123  
1.8936   43.77584    0.13318  
1.9017   46.20232    0.52909  
1.9076   43.98907    0.25069  
1.9094   45.19805    0.32621  
1.9171   45.25913    0.63506  
1.9186   44.01159    0.34506  
1.9235   44.33651    0.32396  
1.9292   48.66580    0.32630  
1.9394   45.62173    0.34273  
1.9441   44.14372    0.27668  
1.9448   45.99398    0.52256  
1.9489   44.46941    0.27479  
1.9543   43.96135    0.35665  
1.9569   46.19926    0.55644  
1.9600   43.42860    0.30266  
1.9627   46.95454    0.63572  
1.9654   47.92444    0.66656  
1.9658   45.30195    0.30065  
1.9709   46.41557    0.27756  
1.9734   45.85192    0.14810  
1.9752   48.47383    0.37203  
1.9813   47.10000    0.50671  
1.9890   43.71657    0.19290  
1.9938   43.41727    0.16737  
1.9991   45.53131    0.27527  
2.0073   43.84496    0.43377  
2.0086   45.95984    0.86184  
2.0306   46.29502    0.46554  
2.0308   46.07445    0.41785  
2.0335   46.45703    0.49972  
2.0411   44.71313    0.56451  
2.0423   46.61548    0.44057  
2.0432   44.39550    0.19101  
2.0483   43.57983    0.08333  
2.0554   45.40326    0.25706  
2.0585   45.73960    0.38062  
2.0608   45.50872    0.40794  
2.0626   47.81877    0.52736  
2.0646   45.06297    0.33017  
2.0938   45.07956    0.31751  
2.1034   45.97799    0.47143  
2.1111   44.39563    0.53358  
2.1548   46.58284    0.73147  
2.1604   44.97463    0.26006  
2.1650   45.68682    0.28452  
2.1668   48.10418    0.55349  
2.1764   47.80451    0.79262  
2.1912   45.01720    0.63233  
2.1932   49.85425    1.05684  
2.1934   47.91318    0.54194  
2.2248   46.22105    0.26910  
2.2250   44.90222    0.33807  
2.2344   46.42007    0.47567  
0.0360   36.53614    0.63848  
0.0420   36.53511    0.63795  
0.0450   35.32832    0.64629  
0.0460   35.40941    0.64490  
0.0520   36.05212    0.64169  
0.0590   36.74369    0.63944  
0.0650   37.43449    0.63510  
0.0700   36.61326    0.63955  
0.0700   36.31634    0.64069  
0.0790   39.57976    0.63047  
0.0870   37.90070    0.63515  
0.1130   38.20585    0.63385  
0.1330   38.27800    0.63350  
0.1550   38.40658    0.63311  
0.1650   36.66921    0.63930  
0.1650   38.46494    0.63284  
0.1780   40.61884    0.62967  
0.2020   38.95185    0.63268  
3.0550   44.86103    0.62955  
3.0700   46.80248    0.63361  
3.0930   47.73086    0.63583  
3.0980   47.10512    0.63448  
3.1140   43.43744    0.62909  
3.1500   45.38221    0.63076  
3.1520   45.66489    0.63083  
3.1810   48.07908    0.63926  
3.1940   46.77388    0.63288  
3.2200   45.75934    0.63120  
3.2460   49.81676    0.64932  
3.2680   48.09867    0.63860  
3.3360   47.22883    0.63488  
3.3850   48.21331    0.63940  
3.5300   47.89630    0.63760  
3.5520   46.83196    0.63407  
3.5920   47.28174    0.63629  
3.5970   47.38178    0.63542  
3.8270   48.92492    0.64155  
3.9900   47.17851    1.22674  
4.0075   44.56007    0.93758  
4.0176   48.24992    0.56586  
4.0600   50.94210    1.26927  
4.0765   48.36128    1.16578  
4.1378   47.53366    0.84136  
4.1400   45.67792    0.92049  
4.1500   45.76769    0.45331  
4.1788   44.45808    1.45608  
4.1836   48.06331    1.46547  
4.1900   47.74693    0.47297  
4.2270   49.74640    1.37865  
4.2300   46.57638    1.89888  
4.2774   48.44760    1.63847  
4.3317   50.04133    1.32108  
4.3364   45.99538    0.57669  
4.3637   49.30242    1.24067  
4.3800   46.10438    1.94210  
4.3924   48.44442    1.52391  
4.4319   45.29189    1.55736  
4.4415   47.62685    0.35457  
4.4430   46.80197    1.41469  
4.4443   48.21169    0.93050  
4.4488   45.65136    1.08233  
4.4562   51.09466    1.84967  
4.5100   46.80691    0.87487  
4.7903   50.13280    1.98123  
4.8100   47.34641    1.87841  
4.8700   47.32248    2.00091  
4.8814   49.54802    2.03707  
4.9126   47.71432    1.03753  
4.9271   49.78538    1.39198  
4.9426   49.11113    2.15547  
4.9500   48.99195    1.29695  
4.9800   49.96706    1.52496  
4.9900   46.35422    1.62232  
5.0319   49.28201    1.71036  
5.1003   46.22750    1.27514  
0.1139   37.97485    0.10581  
0.1543   39.96984    0.05678  
0.1626   38.85725    0.08675  
0.1649   39.91365    0.09987  
0.1656   34.71222    0.17861  
0.1670   39.24744    0.07348  
0.1865   37.53126    0.11679  
0.1876   41.57421    0.26042  
0.2015   42.11410    0.59800  
0.2059   38.36666    0.08940  
0.2085   36.73618    0.12977  
0.2092   40.34467    0.07455  
0.2205   38.96983    0.07962  
0.2264   40.82869    0.08514  
0.2302   39.14079    0.15595  
0.2362   38.97601    0.07800  
0.2388   40.99297    0.14180  
0.2450   40.59895    0.17978  
0.2455   43.23918    0.18964  
0.2490   41.34453    0.13300  
0.2591   39.41540    0.17158  
0.2628   40.93804    0.08602  
0.2632   39.59891    0.16822  
0.2670   41.85173    0.04665  
0.2690   42.21144    0.26451  
0.2696   40.11282    0.10783  
0.2721   41.00830    0.14843  
0.2821   41.84711    0.20468  
0.2822   42.24276    0.24019  
0.2867   37.47266    0.12926  
0.2872   42.09764    0.40517  
0.2910   40.65260    0.25969  
0.2919   41.41516    0.11432  
0.3018   40.65230    0.14273  
0.3040   41.94156    0.09480  
0.3050   39.65693    0.09090  
0.3119   43.25539    0.31575  
0.3159   39.80606    0.09773  
0.3161   39.41573    0.09695  
0.3166   41.39287    0.07354  
0.3212   39.58047    0.24881  
0.3226   38.71079    0.10640  
0.3263   44.61162    0.61851  
0.3265   41.58616    0.06449  
0.3337   41.55815    0.24764  
0.3348   39.97872    0.10535  
0.3349   42.71611    0.08131  
0.3365   42.25574    0.25987  
0.3375   43.25159    0.04853  
0.3454   38.92881    0.12322  
0.3512   41.41572    0.14562  
0.3520   42.12957    0.21086  
0.3579   40.07549    0.10744  
0.3686   38.82839    0.14144  
0.3688   42.98930    0.34834  
0.3710   38.77740    0.11354  
0.3726   40.53939    0.07286  
0.3741   36.69786    0.16059  
0.3751   42.41837    0.12958  
0.3763   44.34194    0.14365  
0.3765   40.52119    0.08269  
0.3822   37.49937    0.13944  
0.3858   44.19595    0.08546  
0.3869   42.28395    0.09579  
0.3916   40.11852    0.38729  
0.3926   41.75423    0.11386  
0.3981   40.50406    0.07877  
0.4018   41.25578    0.22652  
0.4031   42.24592    0.15929  
0.4070   41.74396    0.48168  
0.4095   40.21386    0.12813  
0.4114   42.38986    0.11235  
0.4130   44.45764    0.48883  
0.4188   44.37422    0.53180  
0.4234   40.87066    0.21755  
0.4290   41.68331    0.22877  
0.4302   43.79318    0.50335  
0.4317   40.78369    0.12342  
0.4323   40.90179    0.08519  
0.4369   39.58001    0.11339  
0.4392   39.10294    0.12574  
0.4410   43.40445    0.10696  
0.4410   40.82754    0.09105  
0.4438   39.94694    0.11198  
0.4486   41.77785    0.17869  
0.4499   42.52249    0.16879  
0.4520   41.54118    0.21151  
0.4534   42.36839    0.18281  
0.4630   41.56770    0.31268  
0.4687   42.60116    0.28102  
0.4687   41.93241    0.10172  
0.4688   40.09286    0.11124  
0.4711   41.63219    0.13474  
0.4774   43.28370    0.06668  
0.4837   41.55119    0.09243  
0.4845   39.90426    0.22816  
0.4895   44.15840    0.34086  
0.4901   39.39363    0.12528  
0.4916   42.42265    0.17272  
0.4923   42.59896    0.08609  
0.4974   46.11828    0.31711  
0.4982   41.72875    0.08499  
0.4986   42.37231    0.06733  
0.4998   45.04790    0.65150  
0.5141   39.74041    0.14237  
0.5180   40.73380    0.08674  
0.5280   43.57209    0.48974  
0.5281   41.98387    0.20634  
0.5282   41.66565    0.17699  
0.5321   40.27054    0.20730  
0.5377   43.26495    0.18805  
0.5486   43.23974    0.26026  
0.5584   39.12176    0.09519  
0.5633   39.84134    0.08944  
0.5764   40.94079    0.07890  
0.5776   40.08351    0.10106  
0.5820   41.15058    0.23746  
0.5827   42.55694    0.16464  
0.6068   44.15167    0.39588  
0.6132   40.43285    0.10954  
0.6152   41.35291    0.12798  
0.6210   43.08709    0.27053  
0.6310   44.00796    0.15903  
0.6386   41.50021    0.08828  
0.6550   42.51826    0.14667  
0.6566   42.21224    0.08074  
0.6584   46.04848    0.49630  
0.6690   44.79807    0.36495  
0.6836   43.98737    0.09729  
0.6887   42.72354    0.22833  
0.6892   42.71530    0.05931  
0.6969   41.77441    0.09595  
0.7086   41.86993    0.13052  
0.7158   42.78445    0.15051  
0.7185   42.51833    0.10061  
0.7196   43.82911    0.10255  
0.7332   43.47969    0.16411  
0.7467   43.47225    0.16209  
0.7483   42.03702    0.19270  
0.7523   42.72448    0.14014  
0.7553   40.67572    0.09668  
0.7565   41.61244    0.13157  
0.7574   42.18133    0.12476  
0.7653   42.45554    0.14023  
0.7673   42.38999    0.19623  
0.7722   43.75726    0.27003  
0.7790   41.18981    0.13403  
0.7825   42.26574    0.07994  
0.8210   40.82033    0.09122  
1.7260   46.21161    0.23234  
1.9838   46.40000    0.14318  
2.1892   45.03677    0.28655  
2.2603   47.19647    0.67855  
2.2665   49.39458    0.98808  
2.2702   47.42761    0.21010  
2.2763   43.35283    0.44247  
2.2810   49.41542    1.22156  
2.2816   46.96960    0.77468  
2.2985   44.96437    0.49587  
2.3038   43.72221    0.30912  
2.3157   45.94070    0.35215  
2.3161   45.10004    0.30103  
2.3429   42.39693    0.24308  
2.4243   46.34631    0.39517  
2.4623   47.47889    0.72945  
2.4709   46.59754    0.36533  
2.4936   45.07576    0.30368  
2.5000   44.42778    0.40888  
2.5134   50.04892    0.73744  
2.5147   46.07671    0.44546  
2.5372   45.00586    0.65978  
2.5473   49.95138    1.35306  
2.5777   44.65828    0.56961  
2.5812   45.67953    0.63282  
2.6228   44.18096    0.33444  
2.6410   45.72433    0.68137  
2.6645   45.53130    0.39406  
2.7409   44.56503    0.11581  
2.7616   44.83172    0.33660  
2.7873   50.05458    1.72618  
2.9738   47.88236    0.27568  
2.9913   46.57338    0.89543  
3.0271   46.66766    0.42663  
3.1646   47.28172    1.19997  
3.1971   46.83646    0.29153  
3.2080   48.62773    0.96396  
3.8843   46.82352    0.47077  
4.1271   47.15122    0.30657  
0.2078   39.06033    0.43321  
0.2525   39.70846    0.11131  
0.2917   42.70806    0.43899  
0.2953   41.96435    0.22548  
0.2974   41.18951    0.24626  
0.3307   41.08857    0.12410  
0.3545   42.94329    0.75240  
0.3636   42.98173    0.21001  
0.3657   43.46374    0.54910  
0.3684   40.87365    0.14350  
0.3716   42.94615    0.12874  
0.3746   39.96491    0.26803  
0.3821   44.82479    0.33883  
0.4022   42.28962    0.22995  
0.4113   43.66316    0.29016  
0.4142   41.83693    0.09895  
0.4190   42.08013    0.23490  
0.4204   42.18623    0.28995  
0.4232   40.80809    0.16668  
0.4286   44.45725    0.62541  
0.4360   43.34311    0.17328  
0.4428   42.26544    0.23473  
0.4451   42.70164    0.23203  
0.4506   42.49782    0.10109  
0.4617   40.14117    0.35502  
0.4662   43.51934    0.18020  
0.4710   42.42345    0.22882  
0.4789   42.05860    0.18846  
0.4811   44.10981    0.09887  
0.4840   42.33094    0.23304  
0.4856   43.76525    0.12011  
0.4906   42.51342    0.12075  
0.5052   43.46507    0.24445  
0.5057   42.07861    0.24724  
0.5119   42.16489    0.20423  
0.5150   42.66039    0.23739  
0.5215   41.63925    0.14295  
0.5247   42.97008    0.29880  
0.5252   42.05869    0.19920  
0.5267   43.00161    0.12397  
0.5325   42.83500    0.29056  
0.5349   41.93693    0.25771  
0.5402   42.10691    0.17310  
0.5428   44.07648    0.11730  
0.5470   42.81909    0.11689  
0.5505   41.36849    0.15415  
0.5511   41.74068    0.06640  
0.5563   44.53178    0.57445  
0.5578   43.05335    0.16912  
0.5602   44.41583    0.18591  
0.5655   41.64590    0.20196  
0.5666   43.75603    0.15406  
0.5691   40.18439    0.15885  
0.5695   43.59991    0.22813  
0.5717   44.80762    0.13355  
0.5773   40.77544    0.15752  
0.5781   41.05856    0.12534  
0.5830   44.61251    0.29509  
0.5863   44.57883    0.11007  
0.5917   44.18160    0.11764  
0.5944   43.99413    0.37465  
0.5947   42.59121    0.19307  
0.5972   45.85341    0.30680  
0.6019   42.81204    0.13293  
0.6050   43.52596    0.19210  
0.6063   44.86135    0.56212  
0.6104   44.07642    0.27714  
0.6163   45.18151    0.33232  
0.6175   40.75764    0.10439  
0.6182   42.14936    0.27291  
0.6239   43.24655    0.34474  
0.6280   43.47969    0.21192  
0.6287   46.36046    0.31452  
0.6295   43.63157    0.10066  
0.6300   43.80397    0.15527  
0.6325   42.16418    0.12000  
0.6346   43.22039    0.20440  
0.6384   41.24921    0.19571  
0.6441   42.74476    0.18970  
0.6461   43.37935    0.34619  
0.6497   45.08085    0.43924  
0.6550   44.73455    0.32847  
0.6555   44.98074    0.31431  
0.6561   42.27716    0.12022  
0.6564   41.86196    0.12121  
0.6565   43.55641    0.18273  
0.6572   44.69409    0.18563  
0.6596   39.41049    0.09537  
0.6606   45.50387    0.48312  
0.6634   43.24069    0.27682  
0.6636   44.62604    0.33977  
0.6638   42.00658    0.16738  
0.6641   43.88954    0.30388  
0.6645   44.26719    0.19287  
0.6660   42.79975    0.27759  
0.6666   44.05873    0.32093  
0.6669   43.63292    0.27779  
0.6671   44.15043    0.20983  
0.6693   45.49468    0.41247  
0.6696   43.83954    0.17945  
0.6719   41.15476    0.07681  
0.6784   44.51456    0.34597  
0.6791   42.83573    0.34449  
0.6792   43.50021    0.30907  
0.6831   41.99133    0.13772  
0.6874   42.30803    0.25895  
0.6875   47.11168    0.47634  
0.6878   43.98941    0.30170  
0.6881   44.44766    0.16157  
0.6896   44.25448    0.37309  
0.6913   46.17027    0.20778  
0.6929   44.95900    0.40541  
0.6938   43.85164    0.08320  
0.6945   42.23575    0.16113  
0.6945   44.38488    0.23040  
0.6952   44.39560    0.13585  
0.6955   41.90780    0.22838  
0.6956   43.55108    0.10491  
0.6969   42.63175    0.20246  
0.6973   42.80734    0.19467  
0.6992   43.54015    0.14374  
0.7013   44.51720    0.16728  
0.7023   42.47763    0.18941  
0.7035   43.05270    0.27657  
0.7039   43.80687    0.12757  
0.7058   43.83415    0.24864  
0.7062   41.47037    0.13767  
0.7079   42.57612    0.12476  
0.7089   40.73673    0.19369  
0.7116   42.93300    0.10520  
0.7141   43.28947    0.12449  
0.7141   47.05720    0.36416  
0.7145   41.64376    0.04843  
0.7147   42.99846    0.25443  
0.7164   44.30113    0.24915  
0.7164   41.86940    0.09789  
0.7166   41.31851    0.10115  
0.7166   44.13363    0.15830  
0.7185   45.23275    0.48167  
0.7198   43.51959    0.21562  
0.7200   45.32345    0.18739  
0.7211   42.32166    0.15445  
0.7218   44.53430    0.23743  
0.7219   42.80403    0.11801  
0.7225   44.51024    0.37313  
0.7232   39.95841    0.10619  
0.7267   42.74756    0.17151  
0.7271   46.25772    0.29881  
0.7286   43.68386    0.18376  
0.7297   45.83768    0.41248  
0.7298   41.46226    0.18629  
0.7300   41.88010    0.09819  
0.7324   43.54623    0.20780  
0.7349   44.09937    0.12474  
0.7368   43.98469    0.30117  
0.7378   42.88219    0.10512  
0.7386   41.45025    0.13802  
0.7414   42.31350    0.11143  
0.7418   41.95909    0.12849  
0.7423   43.39473    0.22285  
0.7452   43.63198    0.32002  
0.7466   42.89450    0.11351  
0.7467   41.05257    0.14352  
0.7473   40.87813    0.08330  
0.7500   41.96987    0.13680  
0.7511   44.66105    0.13828  
0.7520   42.45985    0.19277  
0.7545   42.48154    0.22735  
0.7553   45.55624    0.17444  
0.7597   44.42249    0.31800  
0.7603   40.68471    0.11945  
0.7606   40.73067    0.06936  
0.7620   44.96551    0.20326  
0.7630   41.67220    0.17532  
0.7632   43.52608    0.22235  
0.7642   44.66430    0.31216  
0.7653   42.45176    0.18559  
0.7657   44.37885    0.41499  
0.7659   43.93020    0.17619  
0.7665   41.88291    0.16108  
0.7667   44.12509    0.13486  
0.7679   47.23702    0.42257  
0.7700   43.04412    0.12697  
0.7718   46.57608    0.54249  
0.7721   42.99958    0.15541  
0.7724   44.74277    0.26271  
0.7735   41.77481    0.12463  
0.7761   44.78673    0.14104  
0.7764   44.41428    0.19307  
0.7789   43.96978    0.20916  
0.7789   42.29604    0.13368  
0.7796   40.65728    0.11837  
0.7804   39.95372    0.08488  
0.7845   42.33825    0.14977  
0.7847   43.95389    0.14406  
0.7852   43.32975    0.23117  
0.7858   44.89818    0.16438  
0.7890   46.98455    0.28946  
0.7947   44.41477    0.13803  
0.7978   42.92147    0.12784  
0.7987   42.26801    0.21198  
0.7996   43.15155    0.12488  
0.7999   43.27793    0.27054  
0.8020   45.20362    0.25862  
0.8029   45.65284    0.19375  
0.8053   44.37639    0.22334  
0.8065   44.35715    0.18908  
0.8068   44.68641    0.22397  
0.8077   43.29908    0.12188  
0.8098   44.46552    0.32902  
0.8103   42.89483    0.18656  
0.8108   43.47229    0.22595  
0.8111   45.86256    0.31007  
0.8114   43.50799    0.22297  
0.8141   41.69266    0.18926  
0.8154   43.84241    0.18262  
0.8186   44.36334    0.27269  
0.8221   41.43510    0.15473  
0.8258   42.75071    0.22883  
0.8270   42.70753    0.11446  
0.8280   44.39272    0.15452  
0.8303   44.73780    0.29369  
0.8309   40.81855    0.23389  
0.8357   41.91751    0.42957  
0.8363   43.09592    0.09449  
0.8392   45.89425    0.39021  
0.8408   46.46856    0.22567  
0.8419   43.29873    0.24940  
0.8432   46.80597    0.22382  
0.8435   43.38298    0.20670  
0.8440   41.91743    0.17597  
0.8450   42.86619    0.23640  
0.8469   43.46463    0.16781  
0.8479   44.80598    0.28138  
0.8505   42.47847    0.16570  
0.8534   45.14803    0.28836  
0.8540   42.14957    0.23614  
0.8542   41.24710    0.14980  
0.8570   41.75976    0.09143  
0.8583   43.77401    0.27239  
0.8586   43.23331    0.19784  
0.8599   44.93375    0.32092  
0.8599   44.78836    0.29688  
0.8604   45.06576    0.20384  
0.8610   43.34197    0.18793  
0.8610   41.37591    0.12438  
0.8611   43.90578    0.22476  
0.8628   45.86069    0.24134  
0.8647   40.81694    0.13458  
0.8657   41.27563    0.09191  
0.8660   41.31843    0.13365  
0.8673   43.28912    0.20716  
0.8678   43.95907    0.31911  
0.8687   46.41791    0.49622  
0.8696   43.74318    0.24124  
0.8723   41.27609    0.16131  
0.8730   45.24372    0.27786  
0.8755   43.14798    0.09010  
0.8762   46.19191    0.35330  
0.8835   44.56641    0.14167  
0.8846   42.23755    0.11390  
0.8873   44.29487    0.15416  
0.8874   46.61277    0.53568  
0.8896   43.66493    0.21574  
0.8900   43.98243    0.20013  
0.8904   46.31618    0.34192  
0.8908   44.97126    0.31443  
0.8910   43.81436    0.11113  
0.8940   43.99097    0.27173  
0.8960   44.43507    0.13371  
0.8961   43.57536    0.27203  
0.8965   42.89270    0.10642  
0.9009   42.61258    0.15169  
0.9021   41.92107    0.12884  
0.9030   43.85200    0.17469  
0.9041   44.16764    0.22973  
0.9088   44.07357    0.24676  
0.9107   43.41849    0.18292  
0.9125   42.77779    0.21286  
0.9130   42.64949    0.18673  
0.9150   47.71758    0.56427  
0.9159   46.08344    0.30716  
0.9162   46.29870    0.24159  
0.9190   43.78135    0.13441  
0.9201   43.16675    0.23394  
0.9215   44.11178    0.21115  
0.9222   46.25789    0.48663  
0.9257   40.86728    0.14067  
0.9300   43.66260    0.17891  
0.9337   41.53509    0.18145  
0.9350   41.73618    0.12936  
0.9352   42.09533    0.11876  
0.9370   42.72588    0.07379  
0.9416   45.12496    0.32009  
0.9419   45.98133    0.43206  
0.9430   46.81192    0.39134  
0.9439   42.04478    0.13897  
0.9444   42.16343    0.09865  
0.9453   42.26430    0.16284  
0.9463   43.80259    0.14840  
0.9519   45.89694    0.40599  
0.9563   42.61737    0.14180  
0.9568   43.26734    0.18044  
0.9607   42.53890    0.17223  
0.9662   43.17957    0.12346  
0.9665   47.19928    0.36409  
0.9713   45.50728    0.38756  
0.9740   46.22016    0.37803  
0.9766   41.79797    0.22788  
0.9830   42.96692    0.25403  
0.9842   45.79899    0.24234  
0.9846   42.78118    0.08300  
0.9850   43.48272    0.13531  
0.9884   42.88416    0.16879  
0.9907   43.15299    0.19544  
0.9927   41.29829    0.09490  
0.9958   45.51595    0.28659  
0.9960   43.42446    0.16768  
0.9987   43.58283    0.13031  
0.9990   42.14749    0.14180  
1.0066   40.83155    0.15869  
1.0094   45.16619    0.18804  
1.0167   44.78160    0.09534  
1.0180   43.97828    0.23024  
1.0211   45.12162    0.34136  
1.0215   42.60936    0.11060  
1.0237   44.05416    0.13526  
1.0250   41.90732    0.08671  
1.0250   44.02544    0.21862  
1.0255   43.82263    0.15889  
1.0262   46.35515    0.22438  
1.0268   44.98411    0.19241  
1.0290   45.44654    0.24683  
1.0316   43.51499    0.29778  
1.0340   43.26253    0.20204  
1.0341   40.61334    0.08204  
1.0382   45.46244    0.22181  
1.0400   42.42993    0.14150  
1.0433   44.34288    0.26229  
1.0500   46.35712    0.33291  
1.0502   45.27353    0.34259  
1.0530   42.13308    0.08237  
1.0577   42.44548    0.25143  
1.0590   41.74581    0.11366  
1.0606   43.77931    0.18662  
1.0631   42.44656    0.13802  
1.0673   43.66448    0.21105  
1.0700   44.16527    0.31481  
1.0726   42.64749    0.18401  
1.0732   43.49060    0.35527  
1.0765   43.75276    0.20112  
1.0779   46.06451    0.42272  
1.0802   45.11866    0.39194  
1.0836   44.02092    0.09688  
1.0840   45.01787    0.32789  
1.0859   44.60571    0.30286  
1.0899   44.56874    0.23207  
1.0908   44.56459    0.22655  
1.0944   46.15804    0.34999  
1.1004   46.01239    0.30893  
1.1086   45.94894    0.38140  
1.1089   43.53307    0.14780  
1.1090   44.59712    0.17549  
1.1182   42.67164    0.20127  
1.1199   43.41272    0.19019  
1.1210   45.68506    0.25962  
1.1220   41.37047    0.10807  
1.1228   44.16453    0.22642  
1.1239   44.37061    0.27862  
1.1255   44.50189    0.26575  
1.1260   43.50865    0.22365  
1.1297   44.50350    0.23546  
1.1310   41.74580    0.09051  
1.1340   44.82790    0.25410  
1.1346   41.79752    0.13257  
1.1451   42.85841    0.19274  
1.1452   43.25922    0.19285  
1.1473   44.13452    0.12539  
1.1476   46.73136    0.39087  
1.1478   44.39474    0.20339  
1.1492   45.15151    0.23615  
1.1502   44.14280    0.33118  
1.1505   41.00828    0.12336  
1.1517   45.92277    0.42456  
1.1551   45.21963    0.30275  
1.1553   44.04029    0.19546  
1.1557   43.71486    0.13602  
1.1559   45.83770    0.31375  
1.1560   46.13193    0.31159  
1.1607   44.65681    0.23325  
1.1607   44.80608    0.21891  
1.1645   44.07756    0.19360  
1.1748   42.52010    0.06678  
1.1816   45.00071    0.13372  
1.1993   46.19959    0.32288  
1.2039   45.70585    0.32817  
1.2056   45.17352    0.28937  
1.2075   45.58625    0.28866  
1.2096   44.60023    0.26698  
1.2175   43.73674    0.32157  
1.2230   41.20161    0.17877  
1.2245   44.95309    0.30235  
1.2249   44.58969    0.29861  
1.2253   44.84362    0.41662  
1.2332   43.87577    0.24887  
1.2340   45.38430    0.15509  
1.2345   45.73576    0.33326  
1.2400   45.55249    0.30796  
1.2450   42.41303    0.11955  
1.2464   44.62992    0.10956  
1.2489   47.56085    0.41366  
1.2532   45.53539    0.33629  
1.2557   45.72689    0.36064  
1.2709   42.47352    0.14085  
1.2756   42.71720    0.11663  
1.2810   44.85357    0.30857  
1.2848   44.92772    0.24335  
1.2862   43.31173    0.18632  
1.2868   44.48982    0.17947  
1.2892   47.77667    0.68999  
1.2916   43.82993    0.21707  
1.2969   41.91632    0.15835  
1.2982   43.69309    0.20396  
1.2984   42.59897    0.13592  
1.3008   45.05380    0.30056  
1.3050   42.86729    0.13819  
1.3176   44.28355    0.21211  
1.3202   43.81344    0.26155  
1.3273   46.65702    0.42182  
1.3302   43.18473    0.18660  
1.3314   42.74721    0.13648  
1.3453   45.76351    0.39812  
1.3536   44.79761    0.27861  
1.3558   44.48145    0.12490  
1.3597   43.45481    0.19913  
1.3610   45.91255    0.12667  
1.3646   46.18638    0.13927  
1.3731   45.60891    0.24290  
1.3878   46.22031    0.28477  
1.3968   44.47959    0.16998  
1.3990   42.73289    0.20284  
1.4000   45.51804    0.14642  
1.4036   44.43547    0.15708  
1.4060   44.92529    0.34264  
1.4111   46.27501    0.25382  
1.4281   47.59461    0.35166  
1.4298   43.09622    0.22442  
1.4313   46.06071    0.50197  
1.4374   44.63609    0.37797  
1.4427   43.69618    0.27184  
1.4429   41.82670    0.18553  
1.4453   46.75623    0.31305  
1.4480   43.49836    0.23016  
1.4491   48.23176    0.53492  
1.4718   42.75078    0.12005  
1.4799   46.00073    0.41859  
1.4854   43.23697    0.17541  
1.5037   46.22389    0.32597  
1.5172   46.96338    0.66178  
1.5209   41.91107    0.23168  
1.5222   45.63917    0.36725  
1.5460   44.67782    0.30594  
1.5478   45.42265    0.15922  
1.5529   42.84934    0.17370  
1.5600   45.83076    0.41247  
1.5615   45.22144    0.20492  
1.5646   44.02596    0.28076  
1.5650   45.64112    0.40110  
1.5657   46.51997    0.47014  
1.5745   48.03518    0.64618  
1.5769   45.81419    0.37382  
1.5796   44.60618    0.25769  
1.5853   44.48359    0.34455  
1.5858   45.08536    0.37469  
1.5961   44.35821    0.18516  
1.5970   43.86558    0.21113  
1.5997   44.81879    0.38776  
1.6080   45.32865    0.42121  
1.6374   45.87906    0.33234  
1.6425   44.38461    0.31046  
1.6460   46.47882    0.59739  
1.6521   45.93294    0.43815  
1.6553   47.07165    0.56707  
1.6671   44.81751    0.28121  
1.6707   43.52062    0.24193  
1.6758   44.01560    0.27775  
1.6796   45.41431    0.39021  
1.6874   42.20458    0.11138  
1.6880   41.73287    0.16412  
1.7028   44.53678    0.33377  
1.7040   44.70981    0.27936  
1.7400   42.40604    0.19472  
1.7530   44.29595    0.41721  
1.7581   45.36420    0.39626  
1.7713   45.79970    0.34168  
1.7873   44.63719    0.22807  
1.7973   43.15790    0.21586  
1.8090   45.23857    0.47673  
1.8113   46.29207    0.60773  
1.8240   44.43707    0.42059  
1.8471   42.14079    0.14782  
1.8476   44.41421    0.30471  
1.8537   45.75830    0.47546  
1.8572   43.52120    0.21095  
1.8650   43.93993    0.17099  
1.8796   45.53834    0.28335  
1.8837   43.54943    0.21302  
1.8839   46.83874    0.52983  
1.8921   46.37556    0.42438  
1.9202   45.40869    0.60989  
1.9411   44.86978    0.43626  
1.9450   44.73423    0.37401  
1.9570   46.76318    0.77144  
1.9572   45.84715    0.75564  
2.0066   44.38657    0.38588  
2.0903   45.38881    0.43095  
2.0970   44.60006    0.32015  
2.1070   47.04178    0.53112  
2.1110   47.16407    0.76547  
2.1303   45.45998    0.51777  
2.1480   42.96412    0.20833  
2.1590   45.99261    0.60551  
2.2050   48.48235    0.79165  
2.2100   47.39086    0.82859  
2.2139   43.82140    0.26009  
2.2390   46.78490    0.46356  
2.2540   43.81971    0.29002  
2.2580   45.90400    0.49471  
2.2620   47.59854    0.54261  
2.2663   47.88298    0.42003  
2.2720   45.33436    0.63259  
2.2720   45.38228    0.49876  
2.2966   45.43483    1.05527  
2.3000   46.89825    0.60618  
2.3046   45.02142    0.54774  
2.3068   49.81445    0.80451  
2.3070   47.77456    0.67702  
2.3098   46.03917    0.50222  
2.3160   47.40731    0.69078  
2.3280   44.70355    0.38207  
2.3288   48.66325    1.00124  
2.3300   48.72461    0.83403  
2.3338   45.03877    0.32371  
2.3392   48.54672    1.00519  
2.3430   45.93086    0.30973  
2.3575   45.60389    0.28303  
2.3586   45.37423    0.72213  
2.3599   47.15875    0.70595  
2.3710   46.26647    0.54475  
2.3930   48.20228    0.81405  
2.3994   46.95228    0.53412  
2.4160   49.51704    0.80154  
2.4210   48.60794    0.54076  
2.4251   46.40204    0.69148  
2.4410   45.88902    0.49293  
2.4410   45.50235    0.39983  
2.4466   45.74014    0.56456  
2.4516   46.38014    0.57895  
2.4550   48.48241    0.79382  
2.4564   46.75993    0.49388  
2.4587   46.17903    0.52689  
2.4596   47.28525    0.69198  
2.4670   44.77040    0.31618  
2.4789   46.90061    0.92338  
2.5050   45.04428    0.42038  
2.5128   44.99348    0.56099  
2.5205   47.08826    0.59273  
2.5304   45.01409    0.40586  
2.5400   46.62545    0.31460  
2.5628   47.62089    0.84408  
2.5865   45.31080    0.67158  
2.5870   48.15635    1.42093  
2.5871   46.16322    0.30347  
2.5880   45.63762    0.37715  
2.5883   47.04550    0.83777  
2.5980   45.88376    0.58736  
2.6180   46.01217    0.62557  
2.6400   45.59077    0.28489  
2.6405   45.82089    0.30068  
2.6445   47.99061    1.21155  
2.6600   49.03954    1.11698  
2.6600   44.31930    0.39153  
2.6688   44.42863    0.14460  
2.6950   46.72731    0.37392  
2.7077   47.32796    0.56722  
2.7256   49.12681    0.30888  
2.7412   44.13430    0.38121  
2.7422   45.54991    0.39415  
2.7493   49.37306    1.21468  
2.7864   45.19162    0.75983  
2.8348   46.47427    0.59858  
2.8480   46.15197    1.25042  
2.8570   44.14537    0.34015  
2.8752   45.67517    0.49335  
2.8805   44.74868    0.28470  
2.9035   45.84046    0.34674  
2.9439   48.13153    0.60334  
2.9640   46.12132    1.50518  
2.9824   45.52880    1.00120  
2.9833   43.90716    0.15790  
3.0244   47.28522    0.86683  
3.0750   46.50953    0.60503  
3.0870   46.29935    0.99002  
3.1409   45.66345    0.57049  
3.1500   45.64090    0.20408  
3.1850   43.13789    0.24682  
3.1977   45.41607    0.55005  
3.3556   48.05479    0.97399  
3.4800   45.21804    0.41961  
3.7030   47.35146    0.84194  
3.8329   48.10519    0.62054  
3.9900   46.45198    0.28548  
0.4820   45.03908    0.12868  
0.6690   41.62448    0.25030  
0.6860   44.65385    0.06814  
0.7420   43.04045    0.09673  
0.7480   46.33583    0.10502  
0.7940   44.00680    0.06827  
0.7950   42.81261    0.12166  
0.8210   43.86399    0.05655  
0.8370   45.82128    0.13686  
0.8530   44.56575    0.11093  
0.8810   44.51316    0.05987  
0.9090   44.35863    0.05807  
0.9100   46.28017    0.12275  
0.9590   46.81138    0.10923  
0.9670   42.75419    0.04946  
0.9710   41.88795    0.07953  
0.9770   45.11673    0.14251  
1.0420   44.43371    0.07544  
1.0670   42.81196    0.16085  
1.1060   44.87546    0.07215  
1.1310   45.87427    0.08249  
1.1340   46.29997    0.09865  
1.1610   43.84254    0.05506  
1.1630   46.46675    0.11005  
1.1660   47.93234    0.15268  
1.1710   46.14472    0.13479  
1.1800   44.22406    0.15468  
1.2200   46.36308    0.10821  
1.2340   44.88566    0.09232  
1.2600   43.87705    0.07371  
1.2640   45.91761    0.08797  
1.2720   47.46591    0.13761  
1.3010   46.20431    0.10070  
1.3340   43.05078    0.07357  
1.3600   44.94259    0.09110  
1.3600   45.17153    0.13476  
1.4030   43.07510    0.04666  
1.4140   42.31320    0.07084  
1.4510   46.68416    0.13597  
1.4540   43.69637    0.04844  
1.4590   44.66986    0.07301  
1.4780   45.71081    0.10198  
1.4950   45.10342    0.08940  
1.5160   47.57323    0.15375  
1.5170   43.55231    0.06361  
1.5190   45.90883    0.12133  
1.5510   43.30357    0.05188  
1.5890   46.86691    0.13599  
1.6020   46.34405    0.17349  
1.6050   45.63345    0.11893  
1.6420   46.17525    0.16743  
1.6790   42.84256    0.35989  
1.7080   44.44898    0.06649  
1.7340   47.68236    0.14760  
1.7380   46.83583    0.11834  
1.7530   45.45049    0.08123  
1.7760   46.05272    0.11783  
1.7820   45.44123    0.19390  
1.7960   44.55566    0.06496  
1.7990   45.31985    0.07471  
1.8060   45.65763    0.11620  
1.8170   46.36691    0.11719  
1.8200   48.47236    0.20170  
1.8500   43.25677    0.06553  
1.8550   46.07305    0.12459  
1.8560   45.35211    0.09618  
1.8890   47.07453    0.12384  
1.9160   45.38485    0.09045  
1.9180   46.30280    0.51002  
1.9320   47.30119    0.27280  
1.9640   46.10560    0.15002  
1.9880   45.35256    0.16627  
2.0050   46.39252    0.13427  
2.0260   42.89151    0.07598  
2.0300   48.00615    0.16805  
2.0390   48.15507    0.16774  
2.0500   47.02930    0.12470  
2.0820   46.17355    0.11088  
2.0850   48.74389    0.20741  
2.1170   44.59720    0.10379  
2.1240   45.27902    0.09612  
2.1720   45.38221    0.11482  
2.1820   46.76065    0.14486  
2.2040   47.52407    0.14593  
2.2220   43.73781    0.07880  
2.2700   46.69239    0.13633  
2.2790   44.92578    0.10458  
2.2880   44.85203    0.06971  
2.3890   46.23086    0.16201  
2.4020   45.39081    0.11090  
2.4080   44.58193    0.14142  
2.4540   45.08125    0.07365  
2.5010   45.92077    0.11693  
2.5030   46.93855    0.19888  
2.6530   44.92155    0.09836  
2.6710   44.47804    0.07625  
2.6800   45.91397    0.10225  
2.7550   45.92978    0.13554  
2.9550   44.29680    0.09014  
3.0380   46.95940    0.16023  
3.3290   46.05491    0.25177  
3.6510   45.62174    0.13511  
3.0670   44.92486    0.25917  
3.1130   46.32701    0.38749  
3.1250   47.53802    0.45696  
2.9990   45.09079    0.25987  
3.0310   46.52741    0.26980  
3.2720   46.63458    0.45074  
3.2500   46.68458    0.51276  
3.1550   45.87480    0.29439  
3.1970   45.76127    0.32575  
3.0250   45.88622    0.32521  
3.1290   47.50432    0.45535  
3.1290   46.91064    0.39062  
3.0190   47.30376    0.45379  
3.2270   46.63152    0.45056  
3.2880   45.61963    0.32314  
2.9680   44.75949    0.25801  
3.1090   45.73857    0.20636  
3.0990   46.31836    0.32791  
