    925.52     6.072     10
    934.78     5.011     10
    944.04     4.360     10
    953.30     3.886     10
    962.56     3.619     10
    971.82     3.746     10
    981.08     4.115     10
    990.34     3.983     10
    999.60     3.497     10
   1008.86     3.282     10
   1018.12     3.362     10
   1027.38     3.544     10
   1036.64     3.450     10
   1045.90     3.081     10
   1055.16     2.911     10
   1064.42     2.931     10
   1073.68     2.979     10
   1082.94     3.081     10
   1092.20     3.102     10
   1101.46     3.059     10
   1110.72     2.980     10
   1119.98     2.999     10
   1129.24     3.093     10
   1138.50     2.995     10
   1155.80     2.956     10
   1157.00     2.949     10
   1158.00     3.021     10
   1159.20     2.982     10
   1160.40     3.003     10
   1161.60     2.961     10
   1162.80     2.979     10
   1164.00     3.007     10
   1165.20     3.027     10
   1166.40     3.054     10
   1167.60     3.039     10
   1168.80     3.078     10
   1169.80     3.178     10
   1171.00     3.312     10
   1172.20     3.419     10
   1173.40     3.475     10
   1174.60     3.444     10
   1175.80     3.275     10
   1177.00     3.163     10
   1178.20     3.121     10
   1179.40     3.048     10
   1180.40     3.026     10
   1181.60     2.973     10
   1182.80     2.935     10
   1184.00     2.916     10
   1185.20     2.914     10
   1186.40     2.934     10
   1187.60     2.943     10
   1188.80     3.005     10
   1190.00     3.022     10
   1191.20     3.085     10
   1192.20     3.146     10
   1193.40     3.199     10
   1194.60     3.222     10
   1195.80     3.244     10
   1197.00     3.241     10
   1198.20     3.241     10
   1199.40     3.359     10
   1200.60     3.503     10
   1201.80     3.646     10
   1203.00     3.874     10
   1204.00     4.097     10
   1205.20     4.212     10
   1206.40     4.144     10
   1207.60     4.238     10
   1208.80     4.324     10
   1210.00     4.333     10
   1211.20     4.621     10
   1212.40     5.035     10
   1213.60     5.135     10
   1214.80     4.843     10
   1215.80     4.327     10
   1217.00     3.890     10
   1218.20     3.702     10
   1219.40     3.449     10
   1220.60     3.298     10
   1221.80     3.236     10
   1223.00     3.162     10
   1224.20     3.132     10
   1225.40     3.139     10
   1226.60     3.135     10
   1227.60     3.102     10
   1228.80     3.061     10
   1230.00     3.017     10
   1231.20     2.999     10
   1232.40     2.975     10
   1233.60     2.997     10
   1234.80     2.998     10
   1236.00     2.941     10
   1237.20     2.953     10
   1238.40     2.918     10
   1239.40     2.906     10
   1240.60     2.901     10
   1241.80     2.926     10
   1243.00     2.908     10
   1244.20     2.958     10
   1245.40     2.976     10
   1246.60     2.986     10
   1247.80     2.996     10
   1249.00     2.992     10
   1250.20     2.964     10
   1251.20     2.986     10
   1252.40     2.939     10
   1253.60     2.932     10
   1254.80     2.953     10
   1256.00     2.944     10
   1257.20     2.963     10
   1258.40     2.980     10
   1259.60     2.949     10
   1260.80     2.924     10
   1262.00     2.971     10
   1263.00     2.991     10
   1264.20     2.962     10
   1265.40     2.972     10
   1266.60     2.916     10
   1267.80     2.906     10
   1269.00     2.898     10
   1270.20     2.877     10
   1271.40     2.907     10
   1272.60     2.938     10
   1273.60     2.889     10
   1274.80     2.888     10
   1276.00     2.930     10
   1277.20     2.895     10
   1278.40     2.868     10
   1279.60     2.847     10
   1280.80     2.866     10
   1282.00     2.864     10
   1283.20     2.887     10
   1284.40     2.887     10
   1285.40     2.910     10
   1286.60     2.935     10
   1287.80     2.955     10
   1289.00     2.959     10
   1290.20     2.982     10
   1291.40     3.054     10
   1292.60     3.104     10
   1293.80     3.186     10
   1295.00     3.220     10
   1296.20     3.247     10
   1297.20     3.287     10
   1298.40     3.296     10
   1299.60     3.291     10
   1300.80     3.273     10
   1302.00     3.234     10
   1303.20     3.180     10
   1304.40     3.107     10
   1305.60     3.046     10
   1306.80     2.998     10
   1308.00     2.975     10
   1309.00     2.940     10
   1310.20     2.919     10
   1311.40     2.922     10
   1312.60     2.891     10
   1313.80     2.913     10
   1315.00     2.922     10
   1316.20     2.895     10
   1317.40     2.894     10
   1318.60     2.910     10
   1319.80     2.935     10
   1320.80     2.957     10
   1322.00     2.976     10
   1323.20     2.980     10
   1324.40     2.986     10
   1325.60     2.984     10
   1326.80     3.029     10
   1328.00     3.001     10
   1329.20     3.010     10
   1330.40     3.049     10
   1331.60     3.094     10
   1332.60     3.114     10
   1333.80     3.132     10
   1335.00     3.101     10
   1336.20     3.026     10
   1337.40     2.979     10
   1338.60     2.960     10
   1339.80     2.990     10
   1341.00     3.029     10
   1342.20     3.015     10
   1343.40     2.986     10
   1344.40     2.961     10
   1345.60     2.969     10
   1346.80     2.953     10
   1348.00     2.935     10
   1349.20     2.963     10
   1350.40     2.960     10
   1351.60     2.956     10
   1352.80     2.971     10
   1354.00     2.971     10
   1355.20     2.945     10
   1356.20     2.974     10
   1357.40     2.948     10
   1358.60     2.967     10
   1359.80     2.995     10
   1361.00     2.991     10
   1362.20     2.987     10
   1363.40     3.021     10
   1364.60     3.041     10
   1365.80     3.016     10
   1366.80     3.027     10
   1368.00     3.055     10
   1369.20     3.035     10
   1370.40     3.041     10
   1371.60     3.056     10
   1372.80     3.048     10
   1374.00     3.095     10
   1375.20     3.093     10
   1376.40     3.103     10
   1377.60     3.094     10
   1378.60     3.132     10
   1379.80     3.119     10
   1381.00     3.110     10
   1382.20     3.122     10
   1383.40     3.169     10
   1384.60     3.141     10
   1385.80     3.194     10
   1387.00     3.231     10
   1388.20     3.291     10
   1389.40     3.384     10
   1390.40     3.512     10
   1391.60     3.582     10
   1392.80     3.576     10
   1394.00     3.475     10
   1395.20     3.383     10
   1396.40     3.381     10
   1397.60     3.316     10
   1398.80     3.333     10
   1400.00     3.427     10
   1401.20     3.425     10
   1402.20     3.413     10
   1403.40     3.342     10
   1404.60     3.264     10
   1405.80     3.203     10
   1407.00     3.217     10
   1408.20     3.225     10
   1409.40     3.207     10
   1410.60     3.206     10
   1411.80     3.195     10
   1413.00     3.205     10
   1414.00     3.220     10
   1415.20     3.221     10
   1416.40     3.222     10
   1417.60     3.208     10
   1418.80     3.185     10
   1420.00     3.213     10
   1421.20     3.193     10
   1422.40     3.155     10
   1423.60     3.142     10
   1424.80     3.179     10
   1425.80     3.164     10
   1427.00     3.174     10
   1428.20     3.159     10
   1429.40     3.143     10
   1430.60     3.140     10
   1431.80     3.146     10
   1433.00     3.133     10
   1434.20     3.166     10
   1435.40     3.152     10
   1436.60     3.133     10
   1437.60     3.110     10
   1438.80     3.089     10
   1440.00     3.071     10
   1441.20     3.072     10
   1442.40     3.059     10
   1443.60     3.078     10
   1444.80     3.083     10
   1446.00     3.087     10
   1447.20     3.079     10
   1448.40     3.098     10
   1449.40     3.095     10
   1450.60     3.083     10
   1451.80     3.091     10
   1453.00     3.093     10
   1454.20     3.083     10
   1455.40     3.060     10
   1456.60     3.043     10
   1457.80     3.079     10
   1459.00     3.071     10
   1460.00     3.069     10
   1461.20     3.091     10
   1462.40     3.096     10
   1463.60     3.120     10
   1464.80     3.116     10
   1466.00     3.102     10
   1467.20     3.116     10
   1468.40     3.118     10
   1469.60     3.116     10
   1470.80     3.087     10
   1471.80     3.106     10
   1473.00     3.105     10
   1474.20     3.105     10
   1475.40     3.102     10
   1476.60     3.080     10
   1477.80     3.079     10
   1479.00     3.074     10
   1480.20     3.058     10
   1481.40     3.090     10
   1482.60     3.104     10
   1483.60     3.087     10
   1484.80     3.080     10
   1486.00     3.034     10
   1487.20     3.002     10
   1488.40     3.034     10
   1489.60     3.054     10
   1490.80     3.063     10
   1492.00     3.099     10
   1493.20     3.135     10
   1494.40     3.118     10
   1495.40     3.092     10
   1496.60     3.141     10
   1497.80     3.169     10
   1499.00     3.198     10
   1500.20     3.197     10
   1501.40     3.187     10
   1502.60     3.207     10
   1503.80     3.188     10
   1505.00     3.163     10
   1506.20     3.160     10
   1507.20     3.167     10
   1508.40     3.181     10
   1509.60     3.226     10
   1510.80     3.262     10
   1512.00     3.246     10
   1513.20     3.261     10
   1514.40     3.291     10
   1515.60     3.272     10
   1516.80     3.229     10
   1518.00     3.229     10
   1519.00     3.176     10
   1520.20     3.170     10
   1521.40     3.172     10
   1522.60     3.163     10
   1523.80     3.220     10
   1525.00     3.243     10
   1526.20     3.285     10
   1527.40     3.319     10
   1528.60     3.342     10
   1529.80     3.357     10
   1530.80     3.408     10
   1532.00     3.394     10
   1533.20     3.396     10
   1534.40     3.370     10
   1535.60     3.391     10
   1536.80     3.401     10
   1538.00     3.385     10
   1539.20     3.371     10
   1540.40     3.368     10
   1541.40     3.385     10
   1542.60     3.391     10
   1543.80     3.454     10
   1545.00     3.570     10
   1546.20     3.599     10
   1547.40     3.620     10
   1548.60     3.622     10
   1549.80     3.583     10
   1551.00     3.478     10
   1552.20     3.379     10
   1553.20     3.343     10
   1554.40     3.322     10
   1555.60     3.330     10
   1556.80     3.292     10
   1558.00     3.283     10
   1559.20     3.320     10
   1560.40     3.309     10
   1561.60     3.293     10
   1562.80     3.348     10
   1564.00     3.349     10
   1565.00     3.316     10
   1566.20     3.276     10
   1567.40     3.291     10
   1568.60     3.311     10
   1569.80     3.298     10
   1571.00     3.269     10
   1572.20     3.282     10
   1573.40     3.261     10
   1574.60     3.257     10
   1575.80     3.264     10
   1576.80     3.266     10
   1578.00     3.296     10
   1579.20     3.312     10
   1580.40     3.280     10
   1581.60     3.268     10
   1582.80     3.249     10
   1584.00     3.233     10
   1585.20     3.209     10
   1586.40     3.201     10
   1587.60     3.208     10
   1588.60     3.212     10
   1589.80     3.233     10
   1591.00     3.258     10
   1592.20     3.266     10
   1593.40     3.264     10
   1594.60     3.266     10
   1595.80     3.265     10
   1597.00     3.261     10
   1598.20     3.255     10
   1599.40     3.243     10
   1600.40     3.268     10
   1601.60     3.312     10
   1602.80     3.277     10
   1604.00     3.271     10
   1605.20     3.271     10
   1606.40     3.272     10
   1607.60     3.284     10
   1608.80     3.297     10
   1610.00     3.304     10
   1611.20     3.276     10
   1612.20     3.237     10
   1613.40     3.236     10
   1614.60     3.216     10
   1615.80     3.222     10
   1617.00     3.230     10
   1618.20     3.256     10
   1619.40     3.231     10
   1620.60     3.206     10
   1621.80     3.218     10
   1623.00     3.231     10
   1624.00     3.200     10
   1625.20     3.192     10
   1626.40     3.211     10
   1627.60     3.210     10
   1628.80     3.222     10
   1630.00     3.231     10
   1631.20     3.218     10
   1632.40     3.209     10
   1633.60     3.206     10
   1634.60     3.213     10
   1635.80     3.229     10
   1637.00     3.221     10
   1638.20     3.178     10
   1639.40     3.210     10
   1640.60     3.192     10
   1641.80     3.185     10
   1643.00     3.163     10
   1644.20     3.150     10
   1645.40     3.131     10
   1646.40     3.118     10
   1647.60     3.137     10
   1648.80     3.139     10
   1650.00     3.162     10
   1651.20     3.157     10
   1652.40     3.137     10
   1653.60     3.158     10
   1654.80     3.156     10
   1656.00     3.149     10
   1657.20     3.150     10
   1658.20     3.162     10
   1659.40     3.156     10
   1660.60     3.157     10
   1661.80     3.159     10
   1663.00     3.187     10
   1664.20     3.172     10
   1665.40     3.165     10
   1666.60     3.181     10
   1667.80     3.167     10
   1669.00     3.167     10
   1670.00     3.185     10
   1671.20     3.185     10
   1672.40     3.190     10
   1673.60     3.189     10
   1674.80     3.176     10
   1676.00     3.160     10
   1677.20     3.136     10
   1678.40     3.127     10
   1679.60     3.144     10
   1680.80     3.144     10
   1681.80     3.141     10
   1683.00     3.134     10
   1684.20     3.124     10
   1685.40     3.124     10
   1686.60     3.140     10
   1687.80     3.140     10
   1689.00     3.135     10
   1690.20     3.158     10
   1691.40     3.164     10
   1692.60     3.161     10
   1693.60     3.166     10
   1694.80     3.144     10
   1696.00     3.151     10
   1697.20     3.159     10
   1698.40     3.158     10
   1699.60     3.156     10
   1700.80     3.160     10
   1702.00     3.167     10
   1703.20     3.180     10
   1704.40     3.186     10
   1705.40     3.194     10
   1706.60     3.187     10
   1707.80     3.218     10
   1709.00     3.228     10
   1710.20     3.223     10
   1711.40     3.223     10
   1712.60     3.217     10
   1713.80     3.218     10
   1715.00     3.222     10
   1716.20     3.252     10
   1717.20     3.283     10
   1718.40     3.272     10
   1719.60     3.301     10
   1720.80     3.307     10
   1722.00     3.283     10
   1723.20     3.282     10
   1724.40     3.243     10
   1725.60     3.207     10
   1726.80     3.195     10
   1727.80     3.173     10
   1729.00     3.159     10
   1730.20     3.154     10
   1731.40     3.145     10
   1732.60     3.151     10
   1733.80     3.156     10
   1735.00     3.154     10
   1736.20     3.152     10
   1737.40     3.174     10
   1738.60     3.210     10
   1739.60     3.209     10
   1740.80     3.195     10
   1742.00     3.195     10
   1743.20     3.188     10
   1744.40     3.193     10
   1745.60     3.200     10
   1746.80     3.197     10
   1748.00     3.203     10
   1749.20     3.207     10
   1750.40     3.193     10
   1751.40     3.176     10
   1752.60     3.139     10
   1753.80     3.113     10
   1755.00     3.112     10
   1756.20     3.140     10
   1757.40     3.134     10
   1758.60     3.123     10
   1759.80     3.141     10
   1761.00     3.155     10
   1762.20     3.146     10
   1763.20     3.137     10
   1764.40     3.134     10
   1765.60     3.132     10
   1766.80     3.131     10
   1768.00     3.123     10
   1769.20     3.150     10
   1770.40     3.162     10
   1771.60     3.170     10
   1772.80     3.177     10
   1774.00     3.181     10
   1775.00     3.188     10
   1776.20     3.179     10
   1777.40     3.153     10
   1778.60     3.145     10
   1779.80     3.136     10
   1781.00     3.142     10
   1782.20     3.136     10
   1783.40     3.125     10
   1784.60     3.140     10
   1785.80     3.168     10
   1786.80     3.181     10
   1788.00     3.185     10
   1789.20     3.180     10
   1790.40     3.142     10
   1791.60     3.140     10
   1792.80     3.137     10
   1794.00     3.136     10
   1795.20     3.141     10
   1796.40     3.127     10
   1797.60     3.122     10
   1798.60     3.104     10
   1799.80     3.091     10
   1801.00     3.092     10
   1802.20     3.092     10
   1803.40     3.083     10
   1804.60     3.106     10
   1805.80     3.111     10
   1807.00     3.116     10
   1808.20     3.124     10
   1809.40     3.141     10
   1810.40     3.154     10
   1811.60     3.165     10
   1812.80     3.179     10
   1814.00     3.179     10
   1815.20     3.170     10
   1816.40     3.158     10
   1817.60     3.152     10
   1818.80     3.154     10
   1820.00     3.153     10
   1821.00     3.154     10
   1822.20     3.154     10
   1823.40     3.168     10
   1824.60     3.159     10
   1825.80     3.153     10
   1827.00     3.148     10
   1828.20     3.153     10
   1829.40     3.153     10
   1830.60     3.146     10
   1831.80     3.156     10
   1832.80     3.160     10
   1834.00     3.170     10
   1835.20     3.179     10
   1836.40     3.194     10
   1837.60     3.194     10
   1838.80     3.210     10
   1840.00     3.234     10
   1841.20     3.265     10
   1842.40     3.268     10
   1843.60     3.276     10
   1844.60     3.289     10
   1845.80     3.288     10
   1847.00     3.289     10
   1848.20     3.299     10
   1849.40     3.316     10
   1850.60     3.327     10
   1851.80     3.333     10
   1853.00     3.334     10
   1854.20     3.324     10
   1855.40     3.303     10
   1856.40     3.294     10
   1857.60     3.298     10
   1858.80     3.290     10
   1860.00     3.295     10
   1861.20     3.304     10
   1862.40     3.302     10
   1863.60     3.288     10
   1864.80     3.273     10
   1866.00     3.247     10
   1867.20     3.236     10
   1868.20     3.215     10
   1869.40     3.206     10
   1870.60     3.190     10
   1871.80     3.168     10
   1873.00     3.169     10
   1874.20     3.167     10
   1875.40     3.168     10
   1876.60     3.188     10
   1877.80     3.201     10
   1879.00     3.234     10
   1880.00     3.275     10
   1881.20     3.285     10
   1882.40     3.297     10
   1883.60     3.325     10
   1884.80     3.349     10
   1886.00     3.373     10
   1887.20     3.386     10
   1888.40     3.394     10
   1889.60     3.408     10
   1890.80     3.408     10
   1891.80     3.408     10
   1893.00     3.402     10
   1894.20     3.381     10
   1895.40     3.345     10
   1896.60     3.322     10
   1897.80     3.317     10
   1899.00     3.306     10
   1900.20     3.300     10
   1901.40     3.304     10
   1902.40     3.309     10
   1903.60     3.319     10
   1904.80     3.327     10
   1906.00     3.333     10
   1907.20     3.333     10
   1908.40     3.327     10
   1909.60     3.331     10
   1910.80     3.346     10
   1912.00     3.365     10
   1913.20     3.383     10
   1914.20     3.386     10
   1915.40     3.387     10
   1916.60     3.377     10
   1917.80     3.354     10
   1919.00     3.358     10
   1920.20     3.368     10
   1921.40     3.363     10
   1922.60     3.344     10
   1923.80     3.342     10
   1925.00     3.343     10
   1926.00     3.364     10
   1927.20     3.397     10
   1928.40     3.378     10
   1929.60     3.339     10
   1930.80     3.313     10
   1932.00     3.300     10
   1933.20     3.327     10
   1934.40     3.327     10
   1935.60     3.338     10
   1936.80     3.348     10
   1937.80     3.342     10
   1939.00     3.345     10
   1940.20     3.328     10
   1941.40     3.313     10
   1942.60     3.301     10
   1943.80     3.298     10
   1945.00     3.303     10
   1946.20     3.310     10
   1947.40     3.317     10
   1948.60     3.318     10
   1949.60     3.337     10
   1950.80     3.357     10
   1952.00     3.366     10
   1953.20     3.356     10
   1954.40     3.348     10
   1955.60     3.335     10
   1956.80     3.331     10
   1958.00     3.360     10
   1959.20     3.347     10
   1960.40     3.339     10
   1961.40     3.345     10
   1962.60     3.319     10
   1963.80     3.298     10
   1965.00     3.278     10
   1966.20     3.263     10
   1967.40     3.244     10
   1968.60     3.225     10
   1969.80     3.208     10
   1970.20     3.282     10
   1972.00     3.251     10
   1973.80     3.224     10
   1975.80     3.206     10
   1977.60     3.238     10
   1979.40     3.216     10
   1981.40     3.210     10
   1983.20     3.233     10
   1985.00     3.236     10
   1987.00     3.210     10
   1988.80     3.234     10
   1990.60     3.280     10
   1992.60     3.275     10
   1994.40     3.311     10
   1996.20     3.267     10
   1998.20     3.297     10
   2000.00     3.342     10
   2001.80     3.294     10
   2003.80     3.277     10
   2005.60     3.274     10
   2007.40     3.277     10
   2009.40     3.241     10
   2011.20     3.211     10
   2013.20     3.231     10
   2015.00     3.233     10
   2016.80     3.260     10
   2018.80     3.226     10
   2020.60     3.217     10
   2022.40     3.178     10
   2024.40     3.201     10
   2026.20     3.216     10
   2028.00     3.237     10
   2030.00     3.239     10
   2031.80     3.227     10
   2033.60     3.240     10
   2035.60     3.273     10
   2037.40     3.302     10
   2039.20     3.276     10
   2041.20     3.276     10
   2043.00     3.298     10
   2044.80     3.321     10
   2046.80     3.288     10
   2048.60     3.241     10
   2050.40     3.255     10
   2052.40     3.268     10
   2054.20     3.261     10
   2056.00     3.262     10
   2058.00     3.266     10
   2059.80     3.272     10
   2061.80     3.270     10
   2063.60     3.244     10
   2065.40     3.257     10
   2067.40     3.262     10
   2069.20     3.269     10
   2071.00     3.256     10
   2073.00     3.264     10
   2074.80     3.275     10
   2076.60     3.293     10
   2078.60     3.236     10
   2080.40     3.205     10
   2082.20     3.208     10
   2084.20     3.267     10
   2086.00     3.299     10
   2087.80     3.239     10
   2089.80     3.245     10
   2091.60     3.237     10
   2093.40     3.268     10
   2095.40     3.264     10
   2097.20     3.293     10
   2099.00     3.281     10
   2101.00     3.272     10
   2102.80     3.294     10
   2104.80     3.279     10
   2106.60     3.265     10
   2108.40     3.243     10
   2110.40     3.233     10
   2112.20     3.220     10
   2114.00     3.214     10
   2116.00     3.217     10
   2117.80     3.289     10
   2119.60     3.301     10
   2121.60     3.319     10
   2123.40     3.257     10
   2125.20     3.256     10
   2127.20     3.214     10
   2129.00     3.240     10
   2130.80     3.211     10
   2132.80     3.156     10
   2134.60     3.188     10
   2136.40     3.194     10
   2138.40     3.202     10
   2140.20     3.234     10
   2142.00     3.260     10
   2144.00     3.248     10
   2145.80     3.248     10
   2147.60     3.254     10
   2149.60     3.272     10
   2151.40     3.288     10
   2153.40     3.270     10
   2155.20     3.224     10
   2157.00     3.187     10
   2159.00     3.221     10
   2160.80     3.258     10
   2162.60     3.270     10
   2164.60     3.239     10
   2166.40     3.247     10
   2168.20     3.234     10
   2170.20     3.204     10
   2172.00     3.225     10
   2173.80     3.248     10
   2175.80     3.244     10
   2177.60     3.190     10
   2179.40     3.191     10
   2181.40     3.205     10
   2183.20     3.206     10
   2185.00     3.220     10
   2187.00     3.252     10
   2188.80     3.225     10
   2190.60     3.197     10
   2192.60     3.246     10
   2194.40     3.256     10
   2196.20     3.257     10
   2198.20     3.252     10
   2200.00     3.224     10
   2202.00     3.246     10
   2203.80     3.262     10
   2205.60     3.259     10
   2207.60     3.222     10
   2209.40     3.217     10
   2211.20     3.260     10
   2213.20     3.256     10
   2215.00     3.251     10
   2216.80     3.250     10
   2218.80     3.272     10
   2220.60     3.289     10
   2222.40     3.289     10
   2224.40     3.271     10
   2226.20     3.271     10
   2228.00     3.277     10
   2230.00     3.274     10
   2231.80     3.288     10
   2233.60     3.297     10
   2235.60     3.284     10
   2237.40     3.299     10
   2239.20     3.320     10
   2241.20     3.274     10
   2243.00     3.268     10
   2245.00     3.287     10
   2246.80     3.313     10
   2248.60     3.264     10
   2250.60     3.286     10
   2252.40     3.259     10
   2254.20     3.253     10
   2256.20     3.261     10
   2258.00     3.276     10
   2259.80     3.240     10
   2261.80     3.227     10
   2263.60     3.288     10
   2265.40     3.292     10
   2267.40     3.281     10
   2269.20     3.264     10
   2271.00     3.243     10
   2273.00     3.201     10
   2274.80     3.234     10
   2276.60     3.185     10
   2278.60     3.225     10
   2280.40     3.225     10
   2282.20     3.192     10
   2284.20     3.249     10
   2286.00     3.258     10
   2287.80     3.253     10
   2289.80     3.237     10
   2291.60     3.239     10
   2293.60     3.286     10
   2295.40     3.259     10
   2297.20     3.231     10
   2299.20     3.270     10
   2301.00     3.283     10
   2302.80     3.316     10
   2304.80     3.273     10
   2306.60     3.228     10
   2308.40     3.229     10
   2310.40     3.226     10
   2312.20     3.207     10
   2314.00     3.191     10
   2316.00     3.202     10
   2317.80     3.238     10
   2319.60     3.232     10
   2321.60     3.289     10
   2323.40     3.301     10
   2325.20     3.227     10
   2327.20     3.272     10
   2329.00     3.271     10
   2330.80     3.267     10
   2332.80     3.321     10
   2334.60     3.256     10
   2336.40     3.221     10
   2338.40     3.278     10
   2340.20     3.289     10
   2342.20     3.315     10
   2344.00     3.262     10
   2345.80     3.265     10
   2347.80     3.265     10
   2349.60     3.230     10
   2351.40     3.204     10
   2353.40     3.241     10
   2355.20     3.244     10
   2357.00     3.228     10
   2359.00     3.185     10
   2360.80     3.199     10
   2362.60     3.267     10
   2364.60     3.251     10
   2366.40     3.257     10
   2368.20     3.230     10
   2370.20     3.223     10
   2372.00     3.220     10
   2373.80     3.289     10
   2375.80     3.268     10
   2377.60     3.259     10
   2379.40     3.263     10
   2381.40     3.273     10
   2383.20     3.296     10
   2385.20     3.294     10
   2387.00     3.302     10
   2388.80     3.280     10
   2390.80     3.236     10
   2392.60     3.277     10
   2394.40     3.238     10
   2396.40     3.252     10
   2398.20     3.245     10
   2400.00     3.266     10
   2402.00     3.249     10
   2403.80     3.274     10
   2405.60     3.251     10
   2407.60     3.296     10
   2409.40     3.297     10
   2411.20     3.273     10
   2413.20     3.220     10
   2415.00     3.299     10
   2416.80     3.265     10
   2418.80     3.266     10
   2420.60     3.260     10
   2422.40     3.290     10
   2424.40     3.266     10
   2426.20     3.271     10
   2428.00     3.247     10
   2430.00     3.241     10
   2431.80     3.145     10
   2433.80     3.206     10
   2435.60     3.237     10
   2437.40     3.235     10
   2439.40     3.236     10
   2441.20     3.234     10
   2443.00     3.225     10
   2445.00     3.239     10
   2446.80     3.230     10
   2448.60     3.221     10
   2450.60     3.204     10
   2452.40     3.197     10
   2454.20     3.200     10
   2456.20     3.203     10
   2458.00     3.208     10
   2459.80     3.201     10
   2461.80     3.238     10
   2463.60     3.256     10
   2465.40     3.246     10
   2467.40     3.247     10
   2469.20     3.259     10
   2471.00     3.278     10
   2473.00     3.320     10
   2474.80     3.299     10
   2476.60     3.291     10
   2478.60     3.255     10
   2480.40     3.276     10
   2482.40     3.242     10
   2484.20     3.241     10
   2486.00     3.244     10
   2488.00     3.256     10
   2489.80     3.263     10
   2491.60     3.260     10
   2493.60     3.267     10
   2495.40     3.261     10
   2497.20     3.248     10
   2499.20     3.211     10
   2501.00     3.200     10
   2502.80     3.212     10
   2504.80     3.250     10
   2506.60     3.238     10
   2508.40     3.239     10
   2510.40     3.236     10
   2512.20     3.274     10
   2514.00     3.286     10
   2516.00     3.271     10
   2517.80     3.293     10
   2519.60     3.268     10
   2521.60     3.263     10
   2523.40     3.267     10
   2525.40     3.291     10
   2527.20     3.295     10
   2529.00     3.259     10
   2531.00     3.275     10
   2532.80     3.337     10
   2534.60     3.301     10
   2536.60     3.289     10
   2538.40     3.260     10
   2540.20     3.275     10
   2542.20     3.289     10
   2544.00     3.309     10
   2545.80     3.337     10
   2547.80     3.311     10
   2549.60     3.289     10
   2551.40     3.293     10
   2553.40     3.330     10
   2555.20     3.306     10
   2557.00     3.314     10
   2559.00     3.326     10
   2560.80     3.294     10
   2562.60     3.241     10
   2564.60     3.265     10
   2566.40     3.297     10
   2568.20     3.287     10
   2570.20     3.267     10
   2572.00     3.278     10
   2574.00     3.270     10
   2575.80     3.243     10
   2577.60     3.245     10
   2579.60     3.279     10
   2581.40     3.285     10
   2583.20     3.277     10
   2585.20     3.283     10
   2587.00     3.293     10
   2588.80     3.301     10
   2590.80     3.319     10
   2592.60     3.336     10
   2594.40     3.312     10
   2596.40     3.285     10
   2598.20     3.268     10
   2600.00     3.280     10
   2602.00     3.285     10
   2603.80     3.276     10
   2605.60     3.276     10
   2607.60     3.262     10
   2609.40     3.260     10
   2611.20     3.278     10
   2613.20     3.263     10
   2615.00     3.271     10
   2616.80     3.238     10
   2618.80     3.256     10
   2620.60     3.289     10
   2622.60     3.281     10
   2624.40     3.267     10
   2626.20     3.268     10
   2628.20     3.275     10
   2630.00     3.296     10
   2631.80     3.313     10
   2633.80     3.281     10
   2635.60     3.286     10
   2637.40     3.278     10
   2639.40     3.277     10
   2641.20     3.284     10
   2643.00     3.302     10
   2645.00     3.300     10
   2646.80     3.305     10
   2648.60     3.303     10
   2650.60     3.283     10
   2652.40     3.285     10
   2654.20     3.249     10
   2656.20     3.264     10
   2658.00     3.277     10
   2659.80     3.268     10
   2661.80     3.276     10
   2663.60     3.262     10
   2665.60     3.277     10
   2667.40     3.272     10
   2669.20     3.259     10
   2671.20     3.263     10
   2673.00     3.268     10
   2674.80     3.274     10
   2676.80     3.307     10
   2678.60     3.264     10
   2680.40     3.234     10
   2682.40     3.253     10
   2684.20     3.275     10
   2686.00     3.282     10
   2688.00     3.293     10
   2689.80     3.266     10
   2691.60     3.247     10
   2693.60     3.290     10
   2695.40     3.314     10
   2697.20     3.352     10
   2699.20     3.359     10
   2701.00     3.337     10
   2702.80     3.315     10
   2704.80     3.308     10
   2706.60     3.299     10
   2708.40     3.286     10
   2710.40     3.305     10
   2712.20     3.304     10
   2714.20     3.293     10
   2716.00     3.303     10
   2717.80     3.330     10
   2719.80     3.319     10
   2721.60     3.329     10
   2723.40     3.314     10
   2725.40     3.354     10
   2727.20     3.365     10
   2729.00     3.313     10
   2731.00     3.294     10
   2732.80     3.299     10
   2734.60     3.267     10
   2736.60     3.240     10
   2738.40     3.250     10
   2740.20     3.268     10
   2742.20     3.311     10
   2744.00     3.323     10
   2745.80     3.326     10
   2747.80     3.313     10
   2749.60     3.326     10
   2751.40     3.292     10
   2753.40     3.272     10
   2755.20     3.297     10
   2757.00     3.300     10
   2759.00     3.311     10
   2760.80     3.291     10
   2762.80     3.315     10
   2764.60     3.317     10
   2766.40     3.341     10
   2768.40     3.304     10
   2770.20     3.303     10
   2772.00     3.303     10
   2774.00     3.296     10
   2775.80     3.296     10
   2777.60     3.312     10
   2779.60     3.314     10
   2781.40     3.308     10
   2783.20     3.310     10
   2785.20     3.311     10
   2787.00     3.324     10
   2788.80     3.318     10
   2790.80     3.312     10
   2792.60     3.317     10
   2794.40     3.329     10
   2796.40     3.323     10
   2798.20     3.330     10
   2800.00     3.343     10
   2802.00     3.365     10
   2803.80     3.319     10
   2805.80     3.312     10
   2807.60     3.355     10
   2809.40     3.341     10
   2811.40     3.308     10
   2813.20     3.291     10
   2815.00     3.305     10
   2817.00     3.259     10
   2818.80     3.282     10
   2820.60     3.299     10
   2822.60     3.307     10
   2824.40     3.337     10
   2826.20     3.314     10
   2828.20     3.295     10
   2830.00     3.324     10
   2831.80     3.371     10
   2833.80     3.374     10
   2835.60     3.348     10
   2837.40     3.366     10
   2839.40     3.367     10
   2841.20     3.347     10
   2843.00     3.337     10
   2845.00     3.338     10
   2846.80     3.348     10
   2848.60     3.327     10
   2850.60     3.298     10
   2852.40     3.279     10
   2854.40     3.329     10
   2856.20     3.329     10
   2858.00     3.298     10
   2860.00     3.307     10
   2861.80     3.281     10
   2863.60     3.310     10
   2865.60     3.305     10
   2867.40     3.281     10
   2869.20     3.293     10
   2871.20     3.328     10
   2873.00     3.384     10
   2874.80     3.384     10
   2876.80     3.372     10
   2878.60     3.346     10
   2880.40     3.337     10
   2882.40     3.344     10
   2884.20     3.376     10
   2886.00     3.372     10
   2888.00     3.315     10
   2889.80     3.342     10
   2891.60     3.322     10
   2893.60     3.296     10
   2895.40     3.317     10
   2897.20     3.320     10
   2899.20     3.335     10
   2901.00     3.352     10
   2903.00     3.348     10
   2904.80     3.369     10
   2906.60     3.355     10
   2908.60     3.343     10
   2910.40     3.327     10
   2912.20     3.320     10
   2914.20     3.321     10
   2916.00     3.317     10
   2917.80     3.318     10
   2919.80     3.308     10
   2921.60     3.324     10
   2923.40     3.354     10
   2925.40     3.365     10
   2927.20     3.361     10
   2929.00     3.351     10
   2931.00     3.373     10
   2932.80     3.377     10
   2934.60     3.366     10
   2936.60     3.370     10
   2938.40     3.332     10
   2940.20     3.321     10
   2942.20     3.321     10
   2944.00     3.369     10
   2946.00     3.370     10
   2947.80     3.402     10
   2949.60     3.403     10
   2951.60     3.403     10
   2953.40     3.344     10
   2955.20     3.331     10
   2957.20     3.301     10
   2959.00     3.303     10
   2960.80     3.301     10
   2962.80     3.366     10
   2964.60     3.379     10
   2966.40     3.383     10
   2968.40     3.323     10
   2970.20     3.318     10
   2972.00     3.348     10
   2974.00     3.361     10
   2975.80     3.357     10
   2977.60     3.377     10
   2979.60     3.360     10
   2981.40     3.346     10
   2983.20     3.358     10
   2985.20     3.363     10
   2987.00     3.391     10
   2988.80     3.377     10
   2990.80     3.382     10
   2992.60     3.404     10
   2994.60     3.402     10
   2996.40     3.399     10
   2998.20     3.372     10
   3000.20     3.354     10
   3002.00     3.376     10
   3003.80     3.395     10
   3005.80     3.385     10
   3007.60     3.353     10
   3009.40     3.358     10
   3011.40     3.337     10
   3013.20     3.388     10
   3015.00     3.373     10
   3017.00     3.359     10
   3018.80     3.348     10
   3020.60     3.357     10
   3022.60     3.366     10
   3024.40     3.380     10
   3026.20     3.346     10
   3028.20     3.329     10
   3030.00     3.358     10
   3031.80     3.319     10
   3033.80     3.365     10
   3035.60     3.390     10
   3037.40     3.357     10
   3039.40     3.341     10
   3041.20     3.363     10
   3043.20     3.358     10
   3045.00     3.354     10
   3046.80     3.394     10
   3048.80     3.367     10
   3050.60     3.341     10
   3052.40     3.305     10
   3054.40     3.365     10
   3056.20     3.378     10
   3058.00     3.376     10
   3060.00     3.349     10
   3061.80     3.369     10
   3063.60     3.382     10
   3065.60     3.360     10
   3067.40     3.384     10
   3069.20     3.376     10
   3071.20     3.374     10
   3073.00     3.382     10
   3074.80     3.385     10
   3076.80     3.383     10
   3078.60     3.358     10
   3080.40     3.349     10
   3082.40     3.341     10
   3084.20     3.344     10
   3086.20     3.371     10
   3088.00     3.377     10
   3089.80     3.366     10
   3091.80     3.388     10
   3093.60     3.422     10
   3095.40     3.384     10
   3097.40     3.419     10
   3099.20     3.378     10
   3101.00     3.393     10
   3103.00     3.352     10
   3104.80     3.357     10
   3106.60     3.400     10
   3108.60     3.375     10
   3110.40     3.395     10
   3112.20     3.395     10
   3114.20     3.422     10
   3116.00     3.346     10
   3117.80     3.355     10
   3119.80     3.423     10
   3121.60     3.411     10
   3123.40     3.302     10
   3125.40     3.364     10
   3127.20     3.353     10
   3129.00     3.350     10
   3131.00     3.340     10
   3132.80     3.346     10
   3134.80     3.362     10
   3136.60     3.319     10
   3138.40     3.358     10
   3140.40     3.335     10
   3142.20     3.292     10
   3144.00     3.397     10
   3146.00     3.398     10
   3147.80     3.360     10
   3149.60     3.344     10
   3151.60     3.356     10
   3153.40     3.301     10
   3155.20     3.338     10
   3157.20     3.384     10
   3159.00     3.385     10
   3160.80     3.342     10
   3162.80     3.359     10
   3164.60     3.419     10
   3166.40     3.303     10
   3168.40     3.349     10
   3170.20     3.435     10
   3172.00     3.398     10
   3174.00     3.367     10
   3175.80     3.427     10
   3177.60     3.354     10
   3179.60     3.398     10
   3181.40     3.460     10
   3183.40     3.326     10
   3185.20     3.302     10
   3187.00     3.398     10
   3189.00     3.303     10
   3190.80     3.314     10
   3192.60     3.332     10
   3194.60     3.285     10
   3196.40     3.282     10
   3198.20     3.351     10
   3205.30     3.387     10
   3210.65     3.386     10
   3216.01     3.387     10
   3221.38     3.389     10
   3226.75     3.391     10
   3232.14     3.393     10
   3237.53     3.394     10
   3242.94     3.396     10
   3248.35     3.397     10
   3253.77     3.398     10
   3259.20     3.400     10
   3264.64     3.401     10
   3270.09     3.403     10
   3275.55     3.404     10
   3281.02     3.406     10
   3286.50     3.408     10
   3291.98     3.409     10
   3297.48     3.410     10
   3302.98     3.411     10
   3308.50     3.412     10
   3314.02     3.413     10
   3319.55     3.415     10
   3325.09     3.416     10
   3330.64     3.418     10
   3336.20     3.420     10
   3341.77     3.422     10
   3347.35     3.423     10
   3352.93     3.425     10
   3358.53     3.427     10
   3364.14     3.428     10
   3369.75     3.429     10
   3375.38     3.430     10
   3381.01     3.431     10
   3386.66     3.432     10
   3392.31     3.434     10
   3397.97     3.435     10
   3403.64     3.437     10
   3409.32     3.439     10
   3415.01     3.439     10
   3420.72     3.437     10
   3426.43     3.435     10
   3432.15     3.434     10
   3437.87     3.432     10
   3443.61     3.434     10
   3449.36     3.435     10
   3455.12     3.436     10
   3460.89     3.437     10
   3466.66     3.438     10
   3472.45     3.440     10
   3478.25     3.441     10
   3484.05     3.443     10
   3489.87     3.444     10
   3495.69     3.446     10
   3501.53     3.448     10
   3507.37     3.449     10
   3513.23     3.451     10
   3519.09     3.453     10
   3524.97     3.454     10
   3530.85     3.456     10
   3536.74     3.457     10
   3542.65     3.460     10
   3548.56     3.463     10
   3554.48     3.466     10
   3560.42     3.469     10
   3566.36     3.471     10
   3572.31     3.473     10
   3578.27     3.476     10
   3584.25     3.478     10
   3590.23     3.479     10
   3596.22     3.481     10
   3602.23     3.482     10
   3608.24     3.483     10
   3614.26     3.485     10
   3620.29     3.487     10
   3626.34     3.489     10
   3632.39     3.491     10
   3638.46     3.491     10
   3644.53     3.488     10
   3650.61     3.486     10
   3656.71     3.483     10
   3662.81     3.482     10
   3668.92     3.483     10
   3675.05     3.484     10
   3681.18     3.485     10
   3687.33     3.486     10
   3693.48     3.498     10
   3699.65     3.510     10
   3705.82     3.522     10
   3712.01     3.535     10
   3718.20     3.521     10
   3724.41     3.508     10
   3730.63     3.495     10
   3736.85     3.482     10
   3743.09     3.493     10
   3749.34     3.504     10
   3755.60     3.516     10
   3761.87     3.528     10
   3768.15     3.499     10
   3774.44     3.470     10
   3780.74     3.442     10
   3787.05     3.415     10
   3793.37     3.391     10
   3799.70     3.367     10
   3806.04     3.344     10
   3812.40     3.325     10
   3818.76     3.357     10
   3825.14     3.391     10
   3831.52     3.426     10
   3837.92     3.447     10
   3844.32     3.376     10
   3850.74     3.310     10
   3857.17     3.247     10
   3863.60     3.219     10
   3870.05     3.285     10
   3876.51     3.356     10
   3882.98     3.433     10
   3889.47     3.453     10
   3895.96     3.378     10
   3902.46     3.307     10
   3908.98     3.241     10
   3915.50     3.211     10
   3922.04     3.209     10
   3928.58     3.207     10
   3935.14     3.206     10
   3941.71     3.247     10
   3948.29     3.307     10
   3954.88     3.371     10
   3961.48     3.440     10
   3968.09     3.405     10
   3974.72     3.363     10
   3981.35     3.323     10
   3988.00     3.287     10
   3994.65     3.268     10
   4005.00     3.415     10
   4010.00     3.401     10
   4015.00     3.365     10
   4020.00     3.326     10
   4025.00     3.314     10
   4030.00     3.312     10
   4035.00     3.299     10
   4040.00     3.272     10
   4045.00     3.263     10
   4050.00     3.251     10
   4055.00     3.233     10
   4060.00     3.213     10
   4065.00     3.211     10
   4070.00     3.211     10
   4075.00     3.224     10
   4080.00     3.249     10
   4085.00     3.263     10
   4090.00     3.258     10
   4095.00     3.287     10
   4100.00     3.331     10
   4105.00     3.377     10
   4110.00     3.375     10
   4115.00     3.328     10
   4120.00     3.295     10
   4125.00     3.274     10
   4130.00     3.273     10
   4135.00     3.257     10
   4140.00     3.252     10
   4145.00     3.262     10
   4150.00     3.272     10
   4155.00     3.274     10
   4160.00     3.248     10
   4165.00     3.243     10
   4170.00     3.240     10
   4175.00     3.243     10
   4180.00     3.235     10
   4185.00     3.233     10
   4190.00     3.228     10
   4195.00     3.231     10
   4200.00     3.236     10
   4205.00     3.244     10
   4210.00     3.231     10
   4215.00     3.227     10
   4220.00     3.223     10
   4225.00     3.222     10
   4230.00     3.218     10
   4235.00     3.227     10
   4240.00     3.235     10
   4245.00     3.235     10
   4250.00     3.241     10
   4255.00     3.225     10
   4260.00     3.230     10
   4265.00     3.230     10
   4270.00     3.244     10
   4275.00     3.245     10
   4280.00     3.233     10
   4285.00     3.235     10
   4290.00     3.233     10
   4295.00     3.230     10
   4300.00     3.234     10
   4305.00     3.248     10
   4310.00     3.256     10
   4315.00     3.253     10
   4320.00     3.272     10
   4325.00     3.297     10
   4330.00     3.322     10
   4335.00     3.386     10
   4340.00     3.486     10
   4345.00     3.503     10
   4350.00     3.414     10
   4355.00     3.341     10
   4360.00     3.307     10
   4365.00     3.283     10
   4370.00     3.282     10
   4375.00     3.285     10
   4380.00     3.287     10
   4385.00     3.313     10
   4390.00     3.348     10
   4395.00     3.318     10
   4400.00     3.295     10
   4405.00     3.289     10
   4410.00     3.290     10
   4415.00     3.302     10
   4420.00     3.304     10
   4425.00     3.292     10
   4430.00     3.300     10
   4435.00     3.317     10
   4440.00     3.320     10
   4445.00     3.314     10
   4450.00     3.317     10
   4455.00     3.320     10
   4460.00     3.326     10
   4465.00     3.358     10
   4470.00     3.405     10
   4475.00     3.411     10
   4480.00     3.381     10
   4485.00     3.350     10
   4490.00     3.332     10
   4495.00     3.328     10
   4500.00     3.331     10
   4505.00     3.335     10
   4510.00     3.332     10
   4515.00     3.331     10
   4520.00     3.335     10
   4525.00     3.347     10
   4530.00     3.360     10
   4535.00     3.348     10
   4540.00     3.342     10
   4545.00     3.345     10
   4550.00     3.350     10
   4555.00     3.350     10
   4560.00     3.344     10
   4565.00     3.341     10
   4570.00     3.340     10
   4575.00     3.355     10
   4580.00     3.357     10
   4585.00     3.348     10
   4590.00     3.351     10
   4595.00     3.350     10
   4600.00     3.371     10
   4605.00     3.378     10
   4610.00     3.370     10
   4615.00     3.372     10
   4620.00     3.369     10
   4625.00     3.362     10
   4630.00     3.370     10
   4635.00     3.373     10
   4640.00     3.374     10
   4645.00     3.376     10
   4650.00     3.382     10
   4655.00     3.369     10
   4660.00     3.366     10
   4665.00     3.365     10
   4670.00     3.362     10
   4675.00     3.369     10
   4680.00     3.365     10
   4685.00     3.363     10
   4690.00     3.365     10
   4695.00     3.379     10
   4700.00     3.388     10
   4705.00     3.392     10
   4710.00     3.400     10
   4715.00     3.402     10
   4720.00     3.396     10
   4725.00     3.401     10
   4730.00     3.393     10
   4735.00     3.391     10
   4740.00     3.389     10
   4745.00     3.402     10
   4750.00     3.403     10
   4755.00     3.402     10
   4760.00     3.404     10
   4765.00     3.416     10
   4770.00     3.425     10
   4775.00     3.429     10
   4780.00     3.423     10
   4785.00     3.415     10
   4790.00     3.418     10
   4795.00     3.426     10
   4800.00     3.425     10
   4805.00     3.439     10
   4810.00     3.446     10
   4815.00     3.443     10
   4820.00     3.440     10
   4825.00     3.438     10
   4830.00     3.446     10
   4835.00     3.460     10
   4840.00     3.465     10
   4845.00     3.480     10
   4850.00     3.540     10
   4855.00     3.633     10
   4860.00     3.740     10
   4865.00     3.725     10
   4870.00     3.609     10
   4875.00     3.527     10
   4880.00     3.486     10
   4885.00     3.463     10
   4890.00     3.470     10
   4895.00     3.476     10
   4900.00     3.467     10
   4905.00     3.459     10
   4910.00     3.466     10
   4915.00     3.497     10
   4920.00     3.535     10
   4925.00     3.531     10
   4930.00     3.489     10
   4935.00     3.468     10
   4940.00     3.470     10
   4945.00     3.466     10
   4950.00     3.458     10
   4955.00     3.461     10
   4960.00     3.467     10
   4965.00     3.471     10
   4970.00     3.473     10
   4975.00     3.469     10
   4980.00     3.472     10
   4985.00     3.481     10
   4990.00     3.478     10
   4995.00     3.481     10
   5000.00     3.488     10
   5005.00     3.499     10
   5010.00     3.522     10
   5015.00     3.537     10
   5020.00     3.520     10
   5025.00     3.498     10
   5030.00     3.506     10
   5035.00     3.509     10
   5040.00     3.506     10
   5045.00     3.515     10
   5050.00     3.514     10
   5055.00     3.505     10
   5060.00     3.498     10
   5065.00     3.503     10
   5070.00     3.505     10
   5075.00     3.498     10
   5080.00     3.499     10
   5085.00     3.501     10
   5090.00     3.499     10
   5095.00     3.507     10
   5100.00     3.513     10
   5105.00     3.513     10
   5110.00     3.517     10
   5115.00     3.517     10
   5120.00     3.519     10
   5125.00     3.524     10
   5130.00     3.523     10
   5135.00     3.526     10
   5140.00     3.529     10
   5145.00     3.534     10
   5150.00     3.530     10
   5155.00     3.526     10
   5160.00     3.535     10
   5165.00     3.527     10
   5170.00     3.518     10
   5175.00     3.526     10
   5180.00     3.529     10
   5185.00     3.528     10
   5190.00     3.525     10
   5195.00     3.535     10
   5200.00     3.538     10
   5205.00     3.541     10
   5210.00     3.547     10
   5215.00     3.548     10
   5220.00     3.549     10
   5225.00     3.548     10
   5230.00     3.550     10
   5235.00     3.558     10
   5240.00     3.564     10
   5245.00     3.562     10
   5250.00     3.559     10
   5255.00     3.559     10
   5260.00     3.560     10
   5265.00     3.565     10
   5270.00     3.568     10
   5275.00     3.568     10
   5280.00     3.574     10
   5285.00     3.579     10
   5290.00     3.577     10
   5295.00     3.579     10
   5300.00     3.577     10
   5305.00     3.575     10
   5310.00     3.569     10
   5315.00     3.576     10
   5320.00     3.587     10
   5325.00     3.585     10
   5330.00     3.579     10
   5335.00     3.584     10
   5340.00     3.596     10
   5345.00     3.600     10
   5350.00     3.595     10
   5355.00     3.594     10
   5360.00     3.592     10
   5365.00     3.594     10
   5370.00     3.601     10
   5375.00     3.600     10
   5380.00     3.604     10
   5385.00     3.602     10
   5390.00     3.599     10
   5395.00     3.614     10
   5400.00     3.615     10
   5405.00     3.614     10
   5410.00     3.613     10
   5415.00     3.614     10
   5420.00     3.624     10
   5425.00     3.625     10
   5430.00     3.631     10
   5435.00     3.624     10
   5440.00     3.619     10
   5445.00     3.623     10
   5450.00     3.629     10
   5455.00     3.638     10
   5460.00     3.636     10
   5465.00     3.631     10
   5470.00     3.637     10
   5475.00     3.641     10
   5480.00     3.643     10
   5485.00     3.643     10
   5490.00     3.643     10
   5495.00     3.649     10
   5500.00     3.646     10
   5505.00     3.644     10
   5510.00     3.651     10
   5515.00     3.649     10
   5520.00     3.646     10
   5525.00     3.654     10
   5530.00     3.659     10
   5535.00     3.655     10
   5540.00     3.645     10
   5545.00     3.650     10
   5550.00     3.658     10
   5555.00     3.657     10
   5560.00     3.658     10
   5565.00     3.662     10
   5570.00     3.665     10
   5575.00     3.666     10
   5580.00     3.670     10
   5585.00     3.665     10
   5590.00     3.661     10
   5595.00     3.661     10
   5600.00     3.665     10
   5605.00     3.664     10
   5610.00     3.669     10
   5615.00     3.668     10
   5620.00     3.668     10
   5625.00     3.668     10
   5630.00     3.672     10
   5635.00     3.681     10
   5640.00     3.688     10
   5645.00     3.686     10
   5650.00     3.678     10
   5655.00     3.680     10
   5660.00     3.690     10
   5665.00     3.692     10
   5670.00     3.688     10
   5675.00     3.691     10
   5680.00     3.694     10
   5685.00     3.699     10
   5690.00     3.697     10
   5695.00     3.694     10
   5700.00     3.698     10
   5705.00     3.698     10
   5710.00     3.695     10
   5715.00     3.702     10
   5720.00     3.713     10
   5725.00     3.709     10
   5730.00     3.697     10
   5735.00     3.695     10
   5740.00     3.708     10
   5745.00     3.715     10
   5750.00     3.707     10
   5755.00     3.702     10
   5760.00     3.713     10
   5765.00     3.713     10
   5770.00     3.712     10
   5775.00     3.716     10
   5780.00     3.716     10
   5785.00     3.712     10
   5790.00     3.710     10
   5795.00     3.718     10
   5800.00     3.725     10
   5805.00     3.719     10
   5810.00     3.715     10
   5815.00     3.714     10
   5820.00     3.715     10
   5825.00     3.712     10
   5830.00     3.719     10
   5835.00     3.716     10
   5840.00     3.717     10
   5845.00     3.718     10
   5850.00     3.727     10
   5855.00     3.726     10
   5860.00     3.731     10
   5865.00     3.749     10
   5870.00     3.770     10
   5875.00     3.789     10
   5880.00     3.779     10
   5885.00     3.752     10
   5890.00     3.739     10
   5895.00     3.740     10
   5900.00     3.739     10
   5905.00     3.739     10
   5910.00     3.740     10
   5915.00     3.740     10
   5920.00     3.741     10
   5925.00     3.744     10
   5930.00     3.743     10
   5935.00     3.741     10
   5940.00     3.749     10
   5945.00     3.753     10
   5950.00     3.750     10
   5955.00     3.755     10
   5960.00     3.756     10
   5965.00     3.756     10
   5970.00     3.761     10
   5975.00     3.759     10
   5980.00     3.760     10
   5985.00     3.763     10
   5990.00     3.770     10
   5995.00     3.771     10
   6000.00     3.766     10
   6005.00     3.767     10
   6010.00     3.766     10
   6015.00     3.766     10
   6020.00     3.774     10
   6025.00     3.766     10
   6030.00     3.775     10
   6035.00     3.782     10
   6040.00     3.781     10
   6045.00     3.783     10
   6050.00     3.785     10
   6055.00     3.785     10
   6060.00     3.785     10
   6065.00     3.786     10
   6070.00     3.786     10
   6075.00     3.783     10
   6080.00     3.786     10
   6085.00     3.799     10
   6090.00     3.808     10
   6095.00     3.810     10
   6100.00     3.803     10
   6105.00     3.802     10
   6110.00     3.800     10
   6115.00     3.805     10
   6120.00     3.807     10
   6125.00     3.809     10
   6130.00     3.810     10
   6135.00     3.813     10
   6140.00     3.821     10
   6145.00     3.828     10
   6150.00     3.831     10
   6155.00     3.830     10
   6160.00     3.830     10
   6165.00     3.831     10
   6170.00     3.826     10
   6175.00     3.834     10
   6180.00     3.834     10
   6185.00     3.830     10
   6190.00     3.835     10
   6195.00     3.840     10
   6200.00     3.857     10
   6205.00     3.861     10
   6210.00     3.863     10
   6215.00     3.863     10
   6220.00     3.858     10
   6225.00     3.855     10
   6230.00     3.860     10
   6235.00     3.866     10
   6240.00     3.867     10
   6245.00     3.865     10
   6250.00     3.867     10
   6255.00     3.872     10
   6260.00     3.875     10
   6265.00     3.878     10
   6270.00     3.885     10
   6275.00     3.890     10
   6280.00     3.894     10
   6285.00     3.897     10
   6290.00     3.893     10
   6295.00     3.891     10
   6300.00     3.892     10
   6305.00     3.886     10
   6310.00     3.881     10
   6315.00     3.881     10
   6320.00     3.883     10
   6325.00     3.884     10
   6330.00     3.882     10
   6335.00     3.881     10
   6340.00     3.881     10
   6345.00     3.880     10
   6350.00     3.881     10
   6355.00     3.880     10
   6360.00     3.879     10
   6365.00     3.883     10
   6370.00     3.889     10
   6375.00     3.891     10
   6380.00     3.889     10
   6385.00     3.892     10
   6390.00     3.897     10
   6395.00     3.898     10
   6400.00     3.895     10
   6405.00     3.891     10
   6410.00     3.893     10
   6415.00     3.902     10
   6420.00     3.900     10
   6425.00     3.898     10
   6430.00     3.896     10
   6435.00     3.898     10
   6440.00     3.897     10
   6445.00     3.898     10
   6450.00     3.902     10
   6455.00     3.903     10
   6460.00     3.906     10
   6465.00     3.913     10
   6470.00     3.921     10
   6475.00     3.924     10
   6480.00     3.928     10
   6485.00     3.932     10
   6490.00     3.931     10
   6495.00     3.928     10
   6500.00     3.932     10
   6501.03     3.941     10
   6511.88     3.945     10
   6522.75     3.950     10
   6533.64     3.968     10
   6544.54     3.991     10
   6555.47     4.013     10
   6566.41     4.036     10
   6577.37     4.051     10
   6588.35     4.031     10
   6599.35     4.012     10
   6610.36     3.993     10
   6621.40     3.974     10
   6632.45     3.970     10
   6643.52     3.974     10
   6654.61     3.977     10
   6665.72     3.981     10
   6676.85     3.984     10
   6687.99     3.985     10
   6699.15     3.986     10
   6710.34     3.987     10
   6721.54     3.989     10
   6732.76     3.991     10
   6744.00     3.994     10
   6755.25     3.997     10
   6766.53     4.000     10
   6777.82     4.003     10
   6789.14     4.006     10
   6800.47     4.008     10
   6811.82     4.011     10
   6823.19     4.014     10
   6834.58     4.016     10
   6845.99     4.019     10
   6857.42     4.021     10
   6868.86     4.024     10
   6880.33     4.026     10
   6891.81     4.029     10
   6903.32     4.032     10
   6914.84     4.035     10
   6926.38     4.037     10
   6937.94     4.040     10
   6949.52     4.043     10
   6961.12     4.046     10
   6972.75     4.049     10
   6984.38     4.051     10
   6996.04     4.054     10
   7007.72     4.057     10
   7019.42     4.060     10
   7031.13     4.063     10
   7042.87     4.067     10
   7054.63     4.072     10
   7066.40     4.076     10
   7078.20     4.079     10
   7090.01     4.081     10
   7101.85     4.083     10
   7113.70     4.085     10
   7125.58     4.087     10
   7137.47     4.089     10
   7149.38     4.090     10
   7161.32     4.094     10
   7173.27     4.097     10
   7185.25     4.100     10
   7197.24     4.103     10
   7209.25     4.107     10
   7221.29     4.110     10
   7233.34     4.113     10
   7245.42     4.117     10
   7257.51     4.119     10
   7269.62     4.122     10
   7281.76     4.124     10
   7293.91     4.126     10
   7306.09     4.128     10
   7318.28     4.131     10
   7330.50     4.133     10
   7342.73     4.135     10
   7354.99     4.138     10
   7367.27     4.140     10
   7379.57     4.143     10
   7391.88     4.146     10
   7404.22     4.149     10
   7416.58     4.152     10
   7428.96     4.154     10
   7441.36     4.157     10
   7453.78     4.160     10
   7466.23     4.163     10
   7478.69     4.165     10
   7491.17     4.168     10
   7503.68     4.171     10
   7516.20     4.173     10
   7528.75     4.176     10
   7541.31     4.179     10
   7553.90     4.182     10
   7566.51     4.184     10
   7579.14     4.187     10
   7591.79     4.190     10
   7604.46     4.193     10
   7617.16     4.196     10
   7629.87     4.199     10
   7642.61     4.202     10
   7655.37     4.205     10
   7668.15     4.208     10
   7680.94     4.211     10
   7693.77     4.214     10
   7706.61     4.217     10
   7719.47     4.220     10
   7732.36     4.223     10
   7745.26     4.226     10
   7758.19     4.228     10
   7771.14     4.231     10
   7784.12     4.234     10
   7797.11     4.236     10
   7810.12     4.239     10
   7823.16     4.241     10
   7836.22     4.244     10
   7849.30     4.247     10
   7862.40     4.249     10
   7875.52     4.252     10
   7888.67     4.255     10
   7901.84     4.257     10
   7915.03     4.260     10
   7928.24     4.263     10
   7941.47     4.266     10
   7954.73     4.268     10
   7968.01     4.271     10
   7981.31     4.274     10
   7994.63     4.277     10
   8007.98     4.279     10
   8021.34     4.282     10
   8034.73     4.285     10
   8048.14     4.288     10
   8061.58     4.291     10
   8075.03     4.294     10
   8088.51     4.297     10
   8102.02     4.300     10
   8115.54     4.302     10
   8129.08     4.305     10
   8142.65     4.308     10
   8156.25     4.311     10
   8169.86     4.314     10
   8183.50     4.316     10
   8197.16     4.318     10
   8210.84     4.321     10
   8224.55     4.323     10
   8238.27     4.325     10
   8252.03     4.328     10
   8265.80     4.330     10
   8279.60     4.333     10
   8293.42     4.335     10
   8307.26     4.338     10
   8321.13     4.341     10
   8335.02     4.343     10
   8348.93     4.346     10
   8362.87     4.349     10
   8376.83     4.351     10
   8390.81     4.354     10
   8404.82     4.357     10
   8418.84     4.360     10
   8432.90     4.362     10
   8446.97     4.365     10
   8461.07     4.369     10
   8475.20     4.373     10
   8489.34     4.378     10
   8503.51     4.382     10
   8517.71     4.386     10
   8531.93     4.390     10
   8546.17     4.395     10
   8560.43     4.399     10
   8574.72     4.402     10
   8589.04     4.406     10
   8603.37     4.409     10
   8617.73     4.413     10
   8632.12     4.416     10
   8646.53     4.420     10
   8660.96     4.422     10
   8675.42     4.423     10
   8689.90     4.424     10
   8704.40     4.425     10
   8718.93     4.426     10
   8733.49     4.427     10
   8748.06     4.428     10
   8762.67     4.432     10
   8777.29     4.436     10
   8791.95     4.440     10
   8806.62     4.445     10
   8821.32     4.449     10
   8836.04     4.453     10
   8850.79     4.457     10
   8865.57     4.452     10
   8880.37     4.447     10
   8895.19     4.442     10
   8910.04     4.437     10
   8924.91     4.432     10
   8939.81     4.427     10
   8954.73     4.426     10
   8969.68     4.436     10
   8984.65     4.445     10
   8999.65     4.455     10
   9014.67     4.465     10
   9029.72     4.475     10
   9044.79     4.485     10
   9059.89     4.485     10
   9075.01     4.480     10
   9090.16     4.474     10
   9105.33     4.468     10
   9120.53     4.462     10
   9135.75     4.457     10
   9151.00     4.452     10
   9166.28     4.465     10
   9181.58     4.478     10
   9196.91     4.492     10
   9212.26     4.505     10
   9227.63     4.519     10
   9243.04     4.533     10
   9258.47     4.534     10
   9273.92     4.526     10
   9289.40     4.517     10
   9304.91     4.508     10
   9320.44     4.500     10
   9336.00     4.491     10
   9351.58     4.484     10
   9367.19     4.488     10
   9382.83     4.491     10
   9398.49     4.495     10
   9414.18     4.498     10
   9429.89     4.502     10
   9445.63     4.506     10
   9461.40     4.517     10
   9477.19     4.530     10
   9493.01     4.545     10
   9508.86     4.559     10
   9524.73     4.573     10
   9540.63     4.588     10
   9556.55     4.593     10
   9572.50     4.585     10
   9588.48     4.576     10
   9604.49     4.567     10
   9620.52     4.558     10
   9636.58     4.550     10
   9652.66     4.543     10
   9668.78     4.545     10
   9684.92     4.548     10
   9701.08     4.550     10
   9717.27     4.553     10
   9733.49     4.555     10
   9749.74     4.557     10
   9766.02     4.560     10
   9782.32     4.563     10
   9798.65     4.566     10
   9815.00     4.569     10
   9831.39     4.572     10
   9847.80     4.575     10
   9864.23     4.579     10
   9880.70     4.582     10
   9897.19     4.586     10
   9913.71     4.590     10
   9930.26     4.593     10
   9946.84     4.597     10
   9963.44     4.609     10
   9980.07     4.624     10
   9996.73     4.639     10
  10013.42     4.655     10
  10030.13     4.670     10
  10046.87     4.686     10
  10063.64     4.681     10
  10080.44     4.672     10
  10097.27     4.662     10
  10114.12     4.653     10
  10131.01     4.644     10
  10147.92     4.634     10
  10164.86     4.635     10
  10181.82     4.638     10
  10198.82     4.640     10
  10215.84     4.643     10
  10232.90     4.645     10
  10249.98     4.647     10
  10267.09     4.651     10
  10284.22     4.654     10
  10301.39     4.658     10
  10318.59     4.661     10
  10335.81     4.665     10
  10353.06     4.668     10
  10370.34     4.671     10
  10387.65     4.673     10
  10404.99     4.676     10
  10422.36     4.679     10
  10439.76     4.681     10
  10457.18     4.684     10
  10474.64     4.687     10
  10492.12     4.690     10
  10509.64     4.693     10
  10527.18     4.697     10
  10544.75     4.700     10
  10562.35     4.703     10
  10579.99     4.706     10
  10597.65     4.709     10
  10615.33     4.713     10
  10633.05     4.716     10
  10650.80     4.719     10
  10668.58     4.722     10
  10686.39     4.725     10
  10704.23     4.728     10
  10722.09     4.731     10
  10739.99     4.734     10
  10757.92     4.737     10
  10775.88     4.742     10
  10793.86     4.747     10
  10811.88     4.752     10
  10829.93     4.756     10
  10848.01     4.761     10
  10866.11     4.775     10
  10884.25     4.790     10
  10902.42     4.805     10
  10920.62     4.821     10
  10938.85     4.836     10
  10957.11     4.842     10
  10975.40     4.831     10
  10993.72     4.821     10
  11012.07     4.811     10
  11030.45     4.801     10
  11048.86     4.791     10
  11067.30     4.792     10
  11085.78     4.794     10
  11104.28     4.797     10
  11122.82     4.799     10
  11141.38     4.801     10
  11159.98     4.804     10
  11178.61     4.807     10
  11197.27     4.810     10
  11215.96     4.814     10
  11234.68     4.817     10
  11253.43     4.820     10
  11272.22     4.823     10
  11291.03     4.826     10
  11309.88     4.829     10
  11328.76     4.833     10
  11347.67     4.836     10
  11366.61     4.839     10
  11385.58     4.842     10
  11404.59     4.845     10
  11423.63     4.848     10
  11442.70     4.851     10
  11461.80     4.854     10
  11480.93     4.857     10
  11500.09     4.860     10
  11519.29     4.863     10
  11538.52     4.866     10
  11557.78     4.869     10
  11577.07     4.873     10
  11596.39     4.876     10
  11615.75     4.879     10
  11635.14     4.882     10
  11654.56     4.885     10
  11674.01     4.888     10
  11693.50     4.892     10
  11713.02     4.895     10
  11732.57     4.898     10
  11752.16     4.901     10
  11771.77     4.904     10
  11791.42     4.907     10
  11811.10     4.910     10
  11830.82     4.913     10
  11850.57     4.916     10
  11870.35     4.920     10
  11890.16     4.923     10
  11910.01     4.927     10
  11929.89     4.931     10
  11949.80     4.934     10
  11969.75     4.937     10
  11989.73     4.939     10
  12009.74     4.942     10
